Episode,Reward,Final_Action,Best_Score,Position_x,Position_y,Position_z
1,-35.957295083593024,"[381.23389013819576, 436.57224811377421, 380.42256460520184, 484.6166894139941]",-35.957295083593024,-0.12191924003691956,0.989764029653393,0.0
2,59.89616636042847,"[70.844822067418434, 688.09115576583986, 307.93567499004058, 213.58200506262492]",59.89616636042847,-1.9358624489122243,-3.651049133037133,0.0
3,52.2917284940944,"[0.54726291324541398, 567.40341172755507, 347.53581626930423, 6.1530929892901964]",59.89616636042847,-1.5634098289235088,-26.682543127975407,0.0
4,45.69754888843909,"[0.0034029450309381176, 793.64203433560715, 355.24658676849936, 18.885858263156546]",59.89616636042847,-5.1686971376328055,-23.01075036143847,0.0
5,70.72899083799359,"[42.564774810227512, 484.23502335773065, 639.59084760982898, 248.61441962804747]",70.72899083799359,-0.39233351887496787,0.682406033118851,0.0
6,-22.500465725816042,"[11.829874258384184, 697.90234751163416, 753.22457883641198, 106.48832843033651]",70.72899083799359,-0.44097707218614735,1.4508581024931637,0.0
7,16.347942710975673,"[2.3908037191000671, 825.11934125703215, 821.66462136596226, 26.703977680870281]",70.72899083799359,-4.908698334913225,2.098923085577463,0.0
8,-24.415142942717324,"[4.3807674517737203, 840.79475088796653, 638.6441086313863, 62.31719049850031]",70.72899083799359,2.1075687977724087,1.4181759256192117,0.0
9,68.76070544255413,"[1.4287283961252841, 614.33186819802722, 283.17143636280434, 139.91294247690311]",70.72899083799359,0.22183862540406604,-0.26998337995976357,0.0
10,68.60317220101618,"[4.8885953925515873, 776.29398077501469, 279.98083467511179, 104.55089255180729]",70.72899083799359,-1.0759976192215515,-0.08343178302265956,0.0
11,-29.980059654760296,"[6.4287604293120699, 805.92127494073281, 496.99002487937958, 83.577437471810697]",70.72899083799359,-0.8833569068326311,-0.03927899683554825,0.0
12,63.78976279097225,"[0.45760783121036119, 898.25003090696043, 801.4517278761831, 3.5222508921071976]",70.72899083799359,-1.7992677198155596,2.560426207028326,0.0
13,-33.769738494088784,"[6.180252867728151, 449.76956389121409, 601.25334563769695, 103.45737528670999]",70.72899083799359,-0.9414109216273305,-2.865643319386642,0.0
14,20.609503691357062,"[0.42057390137165696, 897.44977923700731, 688.32519159186177, 1.3367343714266791]",70.72899083799359,-1.3994345633864416,-0.04852750009561124,0.0
15,68.28965006558491,"[1.0891625532209175, 876.92602832377236, 365.26057463519334, 11.408267550863203]",70.72899083799359,-1.8746103570685448,-0.027678279188095456,0.0
16,70.51737888257901,"[0.39155784052536446, 893.97690220608104, 446.78619140285457, 3.0676231047886997]",70.72899083799359,-1.933178628617146,0.010516193887340944,0.0
17,30.643890788333252,"[0.64455045429654045, 890.90487313327628, 290.4935831305126, 2.6319839688354176]",70.72899083799359,-1.6453222353556245,0.04567222048944785,0.0
18,70.98878687920282,"[0.039818195158997274, 897.39706649484663, 265.47851784197871, 0.76596836032417526]",70.98878687920282,-0.09649986522897235,7.948233895963583e-05,0.0
19,16.48758442728085,"[-0.098744347550691947, 899.80747418834551, 395.45272118135159, -0.2630788911533537]",70.98878687920282,-3.760909413300653,0.12800575648933127,0.0
20,-80.94844495419551,"[0.13249141602644982, 585.00398068756158, 19.910946042447026, 0.51101123619086553]",70.98878687920282,0.13815300143601889,0.0001593274925662853,0.0
21,-81.47024717501002,"[0.61116033179513685, 160.26331988113131, 2.6027415917389742, 1.7173173478123258]",70.98878687920282,0.019636320683453903,-2.504786865812303e-05,0.0
22,-81.41331084516497,"[-0.013230564349080709, 436.8205805486873, 9.5570813257357727, 0.21003175492789664]",70.98878687920282,0.24594280376313293,0.0005088519801900405,0.0
23,-81.52177199346318,"[0.1170198819253131, 388.69883621635131, 8.281553584624227, 0.40285938530980314]",70.98878687920282,0.23168978554246533,0.00029252934228722973,0.0
24,63.860359483182535,"[0.25616797770643118, 830.69383588561391, 730.91038373942138, 9.6642290257316397]",70.98878687920282,0.20739427925492268,3.66982174599734,0.0
25,197.53095733617752,"[0.34812036442846789, 899.96043252336824, 899.96003638841557, -0.12407849612696242]",197.53095733617752,-0.9820953269679,9.264677920831659,7.593408824575297
26,-43.647013241269846,"[-0.19636951847911879, 900.32278399234167, 900.07857142908335, -0.2515896139042863]",197.53095733617752,-3.976046417275132,-31.34436862373017,0.0
27,-39.004297614366294,"[0.049613533511853297, 899.16949537906919, 900.0805343654539, -0.060886176989488158]",197.53095733617752,-3.0821939835519907,-4.318006798710305,0.0
28,35.49277175754385,"[-0.25526294319598064, 79.698465132467646, 899.98325127577243, -0.40633573160626357]",197.53095733617752,-5.6423055388147425,-29.88936891788991,0.0
29,69.39960690539141,"[-0.13859947372039583, 504.35972311683418, 900.08951728540831, -0.15740155395325683]",197.53095733617752,-4.665727936894115,0.3258260061329875,0.0
30,7.9083959048004004,"[-0.30865720643222433, 7.3106073507999971, 900.00368295557723, 0.026769553519634504]",197.53095733617752,0.29317286080919075,-12.398624720313505,0.0
31,15.025220629840376,"[0.32280057803904905, 12.154054362560521, 899.71999013563163, 0.29603513179341401]",197.53095733617752,-3.5949401075004137,-7.925907173851566,0.0
32,-50.582261941811296,"[0.18754127660548964, 2.9878191814200239, 900.3207651552234, 0.67265510661635763]",197.53095733617752,7.953703797031409,11.332059632920718,0.0
33,54.20046822131545,"[-0.39757599951401479, 16.62642888459516, 899.57392978441783, -0.41877847767275256]",197.53095733617752,11.597628331717777,9.403046765817665,0.0
34,-44.98995814102034,"[0.17758368270539079, 0.11672960215308964, 900.5835356895069, -0.27617408889853762]",197.53095733617752,0.009134474312583598,15.436442153078604,0.0
35,68.25150982693134,"[0.18247413605740676, 1.6700176067299095, 899.73254845805309, 0.032869650333715611]",197.53095733617752,6.0920771010758745,4.118238913004342,0.0
36,90.08100643329288,"[-0.038757988215744263, 15.946101731310828, 900.09007994520243, -0.10311225236838849]",197.53095733617752,-6.122789529181497,-26.734311312957495,0.0
37,49.03785832394962,"[0.12278220166150887, 0.45414205383255168, 900.15121950944592, 0.01941518433420119]",197.53095733617752,-1.072951290034959,-27.63265826730324,0.0
38,-40.39369416107223,"[-0.076161581196471276, -0.25204695897837376, 900.19073691514734, 0.31516195479678327]",197.53095733617752,9.184549310770347,-0.6706493935630679,0.0
39,66.7627059432701,"[0.0045227161381439481, -0.32000599156866316, 900.12388819035152, 0.057737666660277846]",197.53095733617752,11.738560900619055,1.3897783351542814,0.0
40,7.419511799520066,"[-0.26473046177113385, 0.30939416774306133, 900.26759639502927, 0.6569341891950109]",197.53095733617752,6.641920358841615,2.545674095879602,0.0
41,65.26895952153788,"[0.2102619076996218, 4.3530968019819003, 900.04808056383445, -0.031149345918473681]",197.53095733617752,0.10502539101377775,-2.1307690159391206,0.0
42,-32.44593517679199,"[0.19102148331008895, 1.4097261499487268, 899.74367311078925, 0.030411894367058556]",197.53095733617752,-0.7903475549040847,4.825778390651244,0.0
43,56.040811389492184,"[-0.040287966475176587, 899.31286420144284, 900.14168834752354, 0.21636374386333482]",197.53095733617752,-13.099629159342042,5.832405334252818,0.0
44,-31.98634603138072,"[0.17735167133713359, 6.3348675609716416, 900.09957029673535, -0.15227467016605031]",197.53095733617752,1.786029696882281e-05,4.8307836941375415,0.0
45,13.778495395587854,"[0.00012514475885811138, 851.85837046979384, 900.16093026266935, 0.097510389183789056]",197.53095733617752,-6.722350442711579,-0.37076031081661515,0.0
46,-32.02406625059358,"[-0.16442319882008644, 0.085351472021677768, 898.23534605929615, 0.11035264792425044]",197.53095733617752,0.003122333274921659,4.830977588981736,0.0
47,16.50220113806394,"[0.16041689627018027, 0.12073219649381463, 557.56958002727004, 0.27883067068471701]",197.53095733617752,4.634196903929732,-4.266933239174468,0.0
48,7.2339485276133075,"[-0.18817854601361383, 900.13737231913456, -0.089214122080409686, -0.1619864696850862]",197.53095733617752,-6.132148224443233,14.048369917155187,0.0
49,16.11912749595747,"[0.45560342411746868, 885.15830932726374, 348.87595366958715, -0.12653830298427501]",197.53095733617752,-3.375597968590229,-5.233318244508382,0.0
50,8.287522705419093,"[-0.074972608512273206, 1.3712050318196212, 874.4940375444653, 0.24511028087870168]",197.53095733617752,0.9809695481215487,-7.087376155570181,0.0
51,17.703327883608964,"[-0.18798783248556156, 897.40072729418273, -0.36427673765407498, 0.17193224559202375]",197.53095733617752,-9.631189418748729,-5.618302010241931,0.0
52,66.63807362499723,"[-0.26848343347556086, 8.5803130489826813, 3.7522513030839688, 0.23721053667355033]",197.53095733617752,-0.00017698293874527906,4.570209762122425,0.0
53,68.85201912775656,"[-0.043535419893310945, 0.1672559709578321, 42.939188063022719, -0.21354769611140273]",197.53095733617752,-0.00014174959513572164,4.161894927938336,0.0
54,18.677633009275155,"[0.12878209546216304, 0.058031976436870539, 27.183267008361447, 0.28168034820136489]",197.53095733617752,0.0002661105937544738,4.206716631986988,0.0
55,15.738261756898112,"[-0.45401395213296375, -0.20857340589362988, -0.12096869442468097, -0.27092405431326999]",197.53095733617752,0.00022645533556981504,4.052175805458881,0.0
56,12.540923508891382,"[-0.0025816152906077672, 655.9233179223761, 0.66958897346335322, -0.36374600054211154]",197.53095733617752,-0.3543510894982316,-2.1231189339259258,0.0
57,59.68684400052615,"[-0.5887406651935434, 882.3594750808777, 0.026774963836836325, 0.071601319302987632]",197.53095733617752,-7.912683772036052,-28.925099598525925,0.0
58,18.729982092458883,"[0.48941575964717987, 0.75097579604147791, 0.14823943269736106, -0.2919929330495098]",197.53095733617752,0.0006620594938021573,3.637362422849431,0.0
59,20.477204668443918,"[0.26264448999597723, 0.086721907527342795, -0.066224437920423734, 0.12857431543651821]",197.53095733617752,-0.00010111885279682832,5.725125757692046,0.0
60,-34.15198702719319,"[-0.155440256350492, 6.3825328636862864, 892.03800044554271, -0.035946403821730109]",197.53095733617752,-2.286688587447524,6.677626142875422,0.0
61,-1.401007711411836,"[0.29519386337323777, 0.48759772503842563, 900.60179814335697, -0.17357832532616757]",197.53095733617752,0.804759701430308,-20.465539405974074,0.0
62,-31.92742171815911,"[-0.21197961816443348, 0.037472033125026658, 899.81758350006669, 0.34084786889212493]",197.53095733617752,9.335191741501593e-05,4.809500515127653,0.0
63,-31.93255709040578,"[-0.18558333364939067, 0.02937864074475121, 900.05855388596137, 0.17486369537503577]",197.53095733617752,-0.0019530283180528918,4.801486257308579,0.0
64,-32.830333131312386,"[-0.03562280204675522, 0.1029448965269596, 899.75000335812103, -0.20640827595405942]",197.53095733617752,-1.5793063499349262,4.828085237060279,0.0
65,70.96892888858352,"[-0.10876296313931973, -0.20874981207265458, 900.06292407712056, 0.17812675518756635]",197.53095733617752,0.06002425056275453,-1.4561139289784009,0.0
66,-45.626819692708736,"[0.16694018962007304, 0.23068230811820709, 899.93750534469132, 0.079182499961817754]",197.53095733617752,2.813502157888465,-14.992695947706833,0.0
67,-33.05194932196427,"[0.35038002622006809, 0.27999915196276115, 900.54600759753782, 0.19244109566436177]",197.53095733617752,-2.017963321321962,4.81078321095368,0.0
68,-32.02227552073654,"[0.052088000958972563, -0.15203387456588502, 899.71267290649973, 0.037762050828840404]",197.53095733617752,0.004093082337278431,4.842797408685595,0.0
69,-31.926849287827963,"[-0.17378532891419801, 0.14521248968550404, 900.14731385183757, -0.13507851343633168]",197.53095733617752,2.6382798893558924e-05,4.809695048752104,0.0
70,-31.93783817938055,"[-0.17278952160566485, -0.023730317877857728, 900.29223040796307, 0.16699769329075009]",197.53095733617752,-1.928221083757881e-06,4.811452737519771,0.0
71,-31.889951305871392,"[0.48363708199779543, 0.47645131406891283, 900.28167418011969, -0.37591130667261974]",197.53095733617752,-3.308908107329897e-05,4.800538328740472,0.0
72,-31.959458455665853,"[0.022472924731402305, 0.1878833427877547, 900.03993077043503, -0.092065102864603524]",197.53095733617752,-1.9408493750495697e-05,4.812181598482,0.0
73,-32.03984193174577,"[0.28681729635376813, -0.060232164945485431, 900.22381217535008, 0.10472705921116363]",197.53095733617752,-3.6597910332697237e-06,4.8438767629966195,0.0
74,-32.025430467165805,"[0.30063030305270366, -0.20659159537655816, 899.88573578299486, 0.22506191816268836]",197.53095733617752,-1.628287515932591e-05,4.844011931051192,0.0
75,-31.91683418559647,"[0.14370850568189292, 0.20880393180111795, 899.80960451710803, 0.6900919668732074]",197.53095733617752,-0.0002181363481294535,4.800596999039545,0.0
76,-32.026070199576935,"[0.31031576812335415, -0.083195661202061594, 900.37000100070645, 0.099006567801276951]",197.53095733617752,-0.00017333336910773989,4.844757130470167,0.0
77,-32.003050385590555,"[-0.2205597596562312, 0.45075364760712205, 899.71876071305314, -0.029426076905796177]",197.53095733617752,-9.495770154536959e-05,4.8347334972437075,0.0
78,-32.0172087483828,"[-0.074607966728708064, 0.20239544474542784, 900.30561665007826, 0.26540030534849879]",197.53095733617752,-0.0013667556070854057,4.838199176065939,0.0
79,62.69129215246994,"[0.24137175971858157, -0.10783602030597697, 900.3289899746311, -0.49170321692708296]",197.53095733617752,-8.641866128767893,0.27004028721316753,0.0
80,16.991653378117036,"[-0.061439261651127119, 0.53923232952514322, 900.08174709972025, 0.23126441332123865]",197.53095733617752,-9.958391516975633,0.5150979819815545,0.0
81,-32.006603972482566,"[-0.10220824790594368, 0.33369660163347425, 899.78197575169065, 0.20236330950876169]",197.53095733617752,0.0002179560356205312,4.8405170042707,0.0
82,66.58812017344582,"[-0.053745297954610895, -0.069573119861412291, 900.1424767180273, 0.18233592951269417]",197.53095733617752,-4.7037798627580934e-05,4.736239268591275,0.0
83,-32.00428854722455,"[0.16415548589128104, -0.2781902212859938, 899.90228696145971, 0.25310317373017577]",197.53095733617752,9.447469124134782e-05,4.831811281659871,0.0
84,-31.930235544444898,"[-0.28214298313377145, 0.42266565170010123, 900.26726163050205, -0.1228472361605133]",197.53095733617752,-3.587973342241565e-05,4.812553924802062,0.0
85,69.7051323132577,"[0.36810510772398308, 0.72839913034294956, 900.12828848150912, 0.34667562091366172]",197.53095733617752,-7.559565268196063,4.723539742061473,0.0
86,-31.989280936273232,"[0.51026807407995234, 0.17821154593650027, 900.33620092738124, 0.03121841565906712]",197.53095733617752,-0.0005044330377013161,4.824911695337857,0.0
87,-31.99889606962141,"[0.29470415737472655, 0.34027347280832287, 900.24673991246277, 0.3500411751439082]",197.53095733617752,0.00010040424717587827,4.828554640589335,0.0
88,-33.1255854594029,"[0.16886124641153535, 0.13526019518206656, 899.94103950436022, -0.23300520575298775]",197.53095733617752,2.386769537192174e-05,6.97614041444263,0.0
89,-32.02203144308332,"[0.49284837166449025, 0.3412611431708546, 900.02269700761769, 0.10668594699082647]",197.53095733617752,-1.0456368670830566e-05,4.8431032999029355,0.0
90,-31.901331235897075,"[0.042607480871423006, 0.032905108905669604, 900.21000861637424, -0.14643213274615946]",197.53095733617752,-4.7546269020956825e-07,4.789682317961907,0.0
91,-31.929450101824727,"[-0.5444674059744703, 0.07361439644600784, 899.83482489949881, -0.1746210624503032]",197.53095733617752,-4.838848311195637e-05,4.810543039462961,0.0
92,-31.998573501602124,"[0.14694814045076524, 0.1520866311482732, 900.40859324931989, -0.3348855477343996]",197.53095733617752,-0.00025708993312663,4.836059599660929,0.0
93,-31.98421009511692,"[-0.1790396581349124, -0.13045893707622649, 900.29519372525579, 0.18801558039608729]",197.53095733617752,-8.26727583143376e-05,4.841265403750854,0.0
94,-31.92713910675613,"[0.17444528382627156, 0.15718851893251479, 899.96689447046526, 0.25457226288709661]",197.53095733617752,0.00046615771121561453,4.814043032921774,0.0
95,15.587274856291117,"[0.17309738584986178, 0.24448231042852345, 899.96857784996143, 0.014867498538075119]",197.53095733617752,-10.739694382803377,12.424823922235094,0.0
96,-31.993455159532843,"[0.19758818136271836, 0.095378162771777977, 900.17918641945266, -0.26693356620799624]",197.53095733617752,-3.508448259954504e-05,4.835968646406572,0.0
97,-31.99824609259319,"[-0.27823507906943873, 0.28681245694739227, 900.18905533215047, -0.0049141664511479569]",197.53095733617752,2.993979836728496e-05,4.830738384448707,0.0
98,-31.91941738438601,"[-0.1844901375529297, 0.47606638421158315, 900.05493440661019, -0.010134656217232252]",197.53095733617752,-4.0921961056817505e-05,4.802119279893921,0.0
99,-31.990503378009564,"[0.10610161388159184, -0.35170094689078268, 899.92840148365224, -0.42078497921388947]",197.53095733617752,-0.00010687555804012325,4.824657981708144,0.0
100,-31.859077957377664,"[0.26641637692370312, 0.099742612978983555, 900.31058420522686, 0.46072619106980439]",197.53095733617752,7.110866378298884e-05,4.784274150376667,0.0
101,66.60232230753653,"[0.16613435744847016, -0.12539972091169149, 900.17070089290223, 0.21140745772039055]",197.53095733617752,-5.834477234541483e-05,4.733366747770048,0.0
102,-31.999523270892624,"[0.075992771914230414, 0.22073400534156229, 900.07954289575741, -0.22382048032442053]",197.53095733617752,7.684644499905936e-05,4.829555548635235,0.0
103,-31.964245982641003,"[-0.089736423634223961, -0.13027178797535025, 900.05828611122899, 0.097045790874473917]",197.53095733617752,4.066532604339015e-05,4.821224618489197,0.0
104,-31.92399192396634,"[0.21009327741774628, -0.046749134997293502, 900.0630174750861, 0.010348926329367576]",197.53095733617752,-0.002046611428205283,4.816958108544549,0.0
105,-31.968370137120644,"[-0.26754900580376578, -0.25216560112673503, 900.22624338756361, -0.36431106281155767]",197.53095733617752,-4.1316396844651374e-05,4.8144928886884575,0.0
106,-32.03195411486752,"[0.40524690562889215, -0.25898832861937138, 900.26153999580049, 0.66623027499150589]",197.53095733617752,6.133565720535086e-05,4.850663777703496,0.0
107,-31.987834838193024,"[-0.32049658634877443, 0.020565895744052098, 900.14654422844865, 0.11909107576224809]",197.53095733617752,-9.429139554997954e-05,4.830706550136721,0.0
108,-32.03238363560263,"[0.30475101884936606, -0.033976057077719779, 900.13977323156598, -0.056971255035384694]",197.53095733617752,-5.6534806108490524e-05,4.8419418476277105,0.0
109,-32.041577272569555,"[0.48174115632040737, 0.41894776069680439, 899.8770006287308, -0.3083861584178188]",197.53095733617752,0.0001407947304061699,4.849494920698561,0.0
110,17.281736388509273,"[0.20334954493042121, -0.12521623950071445, 899.9237276589372, -0.30969357064002145]",197.53095733617752,8.286936318118326e-05,7.058946819607972,0.0
111,66.58499234072787,"[-0.25094369496635216, -0.015353717222588735, 900.18916302221066, 0.30694031292137514]",197.53095733617752,-8.441249306966609e-05,4.7422986974997645,0.0
112,-31.96836619573409,"[-0.0053581077352672785, -0.20475541531505798, 900.03128168519106, -0.092542267906461889]",197.53095733617752,1.1554954260470822e-05,4.828554119104953,0.0
113,-31.90546448456199,"[0.01407663645905545, 0.37320774590729977, 900.29812732168023, -0.10552879768272988]",197.53095733617752,0.00010871145207742387,4.80983232137616,0.0
114,-31.934983827726867,"[0.075490674753811576, -0.0053971267690459054, 900.06655872762144, 0.27065680996014746]",197.53095733617752,2.5635848397849536e-05,4.821676238382421,0.0
115,-31.961137981547623,"[-0.092734155429044229, 0.075216496656742834, 900.04264066058374, -0.21223383489466582]",197.53095733617752,-8.894171426455266e-06,4.810014025498911,0.0
116,-31.8883808354161,"[0.16585326082627075, 0.060514796315842195, 900.10398623003869, 0.14306139006457005]",197.53095733617752,-0.00028152167687820314,4.795238777653291,0.0
117,5.187807224710866,"[0.055390664754323693, -0.16022977181571552, 900.12349360779001, -0.048736946064777811]",197.53095733617752,-7.4295981146912435,1.6020941912566187,0.0
118,-31.937939450948633,"[-0.01822820538605021, 0.58808137159848972, 900.41715686734199, -0.29260275662932317]",197.53095733617752,8.489421695527603e-05,4.813806614597478,0.0
119,-31.941812270765908,"[0.21320360411707734, 0.70836364467804169, 899.95545738534338, -0.1859478011169626]",197.53095733617752,-0.00011901121584456777,4.81076077681094,0.0
120,-31.957429111406682,"[0.91521149225409315, -0.068687638622445021, 899.67215167705774, 0.099271955246559712]",197.53095733617752,6.664465029616446e-08,4.8250199651007595,0.0
121,-31.97847079978996,"[0.12706380989333604, 0.2851742793018196, 899.8582835239074, 0.24637619393870364]",197.53095733617752,4.315386074751178e-05,4.825213832386848,0.0
122,-32.05222497142816,"[0.14296160010526199, 0.15682535205195058, 900.04908642037219, 0.1883329257100371]",197.53095733617752,5.997323183285617e-05,4.851432758229902,0.0
123,-31.993335155970556,"[0.069524349366601068, -0.040970574892486164, 900.37813739732803, 0.1954520147414785]",197.53095733617752,6.002622054785368e-05,4.828241250481741,0.0
124,-31.961770002554942,"[-0.15721749579815719, 0.089523758294560454, 900.13090925531037, 0.38332420528209388]",197.53095733617752,-9.09021976789655e-07,4.8206335095009125,0.0
125,-32.016555363624065,"[0.23316226320916672, 0.39293872718961642, 900.11572581528549, 0.22941211676343876]",197.53095733617752,0.00027896229449630663,4.846543700369843,0.0
126,-31.93956446024643,"[0.24022986510453267, 0.047945717627996903, 900.01039886970841, 0.10661788539466513]",197.53095733617752,-0.00020193159165629546,4.813462024489723,0.0
127,-31.993926488818346,"[0.11813783361377506, -0.25678924647624624, 899.99428350617222, -0.24674419211351395]",197.53095733617752,1.6464746222027093e-05,4.830982688528186,0.0
128,-32.025019779928385,"[0.18155435373500062, -0.040069673366875225, 899.89017236424274, -0.010094430101103946]",197.53095733617752,-2.540423179607709e-05,4.82386491812076,0.0
129,-31.939718375117025,"[-0.2004176932335564, 0.11033584104860142, 900.21974483593863, 0.093541155644721943]",197.53095733617752,-9.9124668482013e-05,4.82388991703746,0.0
130,-31.993430466629306,"[0.09942202363612837, 0.051647855395654571, 900.16570473974855, 0.1272038907875695]",197.53095733617752,2.282493575142221e-06,4.825753910827089,0.0
131,-31.967398995588525,"[0.13451205904349234, -0.10104577305922288, 900.14313106162615, 0.059446966573567683]",197.53095733617752,-2.8896361464114732e-05,4.822915632990676,0.0
132,-31.978710035810124,"[-0.2197010770657325, 0.11571049792875092, 900.26566169538762, 0.050453974368277935]",197.53095733617752,-8.186266775151493e-05,4.819975052189081,0.0
133,69.36464591041181,"[-0.02648220030232705, -0.18009981361323762, 900.0504413914166, -0.25859272525239407]",197.53095733617752,-6.4476278194692025,2.7923768876327437,0.0
134,-31.937637351980996,"[-0.066441351599166545, -0.45575295844892583, 900.14561828591013, -0.069369783802253393]",197.53095733617752,-0.00010588089932315059,4.813969064473333,0.0
135,-31.95142943900909,"[0.47519375782326889, -0.2498102026310928, 900.23365682180793, 0.31949557599104994]",197.53095733617752,-5.134575253040329e-05,4.826578633777291,0.0
136,6.497789498158966,"[-0.12399491099976624, 0.47700309411180192, 899.76249312711298, 0.12988585574361772]",197.53095733617752,0.005617937887417395,-2.2834663331705594,0.0
137,-32.00850407644603,"[0.26429734524876508, -0.031431368451298486, 899.87759359116308, -0.44344787596049956]",197.53095733617752,7.791445108909944e-05,4.827598226012874,0.0
138,-31.954378357178726,"[-0.11976392677742001, 0.17146080119245963, 899.6827018667741, 0.084428081562129137]",197.53095733617752,0.00016310234045557672,4.812602232568988,0.0
139,-31.890138526494482,"[0.42510587858204846, 0.049641234332347142, 899.92177770705894, -0.38181547743094713]",197.53095733617752,-9.562549373694622e-05,4.789129050002322,0.0
140,-31.954043072106657,"[0.072858957759339191, -0.11433144021513175, 899.8391600408853, -0.10750773101154021]",197.53095733617752,8.311988592322794e-05,4.815625377776249,0.0
141,-31.979677934478772,"[-0.15702828124873541, -0.052698367423581916, 900.34573122998268, -0.071193088535633484]",197.53095733617752,-0.00014332875406150925,4.822240121925715,0.0
142,-31.953157555912313,"[-0.00091291254959569024, -0.057462561646827101, 900.09616457726463, -0.02105791638356341]",197.53095733617752,1.458582171560586e-07,4.818170523204927,0.0
143,-31.984441304473705,"[0.31274784929693827, 0.4080594090354287, 899.98693444988794, 0.57141633059678898]",197.53095733617752,1.959396216765853e-05,4.835297843231914,0.0
144,-31.98346059685238,"[-0.047773234171450046, 0.053313829328711426, 900.27521583487101, -0.15926862770638581]",197.53095733617752,2.333828603181238e-05,4.825888216435363,0.0
145,70.30288911323873,"[0.027135464988116989, -0.17423910043675983, 900.50674332785718, -0.15628294327611036]",197.53095733617752,-1.990554540473466e-05,2.6877823792840414,0.0
146,-32.02707646305791,"[-0.3298231285580786, 0.35713643236075532, 900.29326318836854, 0.02756323882631613]",197.53095733617752,-2.613731730982923e-05,4.836947095170833,0.0
147,-31.952759766314145,"[0.15544110411575754, 0.35551427518011286, 900.20149742573733, 0.36385577080283987]",197.53095733617752,4.065495653964618e-05,4.811236932901486,0.0
148,-15.123409447228653,"[0.26792543867504226, -0.12431829658136631, 900.0243587828586, 0.12173749874228487]",197.53095733617752,0.00026265546291780927,-1.5560740147894077,0.0
149,-10.177683081615527,"[-0.017340235966540343, -0.19376223725652375, 900.02595849637441, 0.20797504068882772]",197.53095733617752,0.0012341755993883342,-3.784592144815983,0.0
150,12.698692813404676,"[-0.15533820668016507, 0.1976125357165813, 900.29393723444798, 0.29190304846118931]",197.53095733617752,-1.4734145908659551e-05,1.1376946269714512,0.0
151,-32.00084224476949,"[-0.11766999278860241, 0.12449384741013209, 900.60799931825284, -0.19531890981081773]",197.53095733617752,-4.541588082848575e-06,4.826175428738615,0.0
152,-31.98052547622244,"[-0.031155404834119091, 0.1331877861639639, 899.80058500991561, 0.052149505501592551]",197.53095733617752,-9.162928006443097e-05,4.830365922796464,0.0
153,-32.04608622949148,"[-0.087908522821705165, -0.11682874172603963, 899.88712830491818, 0.37064773622505498]",197.53095733617752,-3.45855068971076e-05,4.8506482877312935,0.0
154,-31.991401565283354,"[0.10226591155147727, 0.17001311171177999, 899.86743548014226, 0.087419092941846688]",197.53095733617752,0.00016586256512275232,4.819770224424031,0.0
155,-31.985387030736092,"[-0.32211091375144935, -0.26195516845472, 900.15353039425247, 0.16225156169821259]",197.53095733617752,-0.00012829141910082611,4.826822778054508,0.0
156,82.39937813792257,"[-0.43795849461432845, 0.029388174004299397, 900.00814860214166, -0.070653955362522752]",197.53095733617752,0.0005168081559474358,-17.754174838740088,0.0
157,-31.922141330704946,"[0.079146463101152378, 0.15749138029963108, 900.11993784681044, -0.51392446436911987]",197.53095733617752,-3.986036062852464e-05,4.808352179006218,0.0
158,66.60955751835004,"[0.063137333421170019, -0.23298582204948376, 900.10421669048571, 0.56376723555386588]",197.53095733617752,-0.00016127230227305789,4.715521287764961,0.0
159,66.60335605810806,"[-0.19416019187859029, -0.073991299784000569, 899.86955122201039, 0.089505998699403816]",197.53095733617752,-6.814357747809577e-05,4.728893324658142,0.0
160,-32.04476933555267,"[-0.13682440526674294, 0.4462769770134114, 900.36996608711218, -0.33204984322938591]",197.53095733617752,-0.0002621712083579011,4.846998504800886,0.0
161,-12.349742535408382,"[-0.25113053058887819, 0.22971876456941831, 899.67520859764352, 0.21812609148936746]",197.53095733617752,0.00015922150236151092,-2.7831115703188356,0.0
162,-31.99506408717025,"[0.638694816369485, 0.24723220674706414, 899.85387947181084, 0.015749088337525467]",197.53095733617752,-0.00032979145812681666,4.829365926403388,0.0
163,-32.009992655425464,"[0.42754714398028126, -0.31185278401939015, 899.83796484756965, -0.25492690853423289]",197.53095733617752,7.94490213206715e-05,4.83529652943801,0.0
164,69.39052842608363,"[0.63526593499541972, -0.30159671531830423, 899.96814071943049, 0.16261898982341061]",197.53095733617752,-4.172446040820957e-05,9.143730592874421,0.0
165,20.365941636711,"[0.072088222748475483, -0.10949478402528823, 899.82284842942295, 0.0074232166755896917]",197.53095733617752,-3.07162691228116e-05,-1.3794367825206708,0.0
166,13.57408112654852,"[-0.071053894029602979, -0.17175018541142589, 899.9768781177105, 0.13859412810557351]",197.53095733617752,0.00015019142088245038,-2.992472113707325,0.0
167,-23.57392437684514,"[0.061979183769721051, -0.053954657474722223, 900.55205500162708, -0.010165374493628726]",197.53095733617752,0.00027124120847699535,-18.22134605790483,0.0
168,-18.770569920331866,"[-0.1104842035104255, 899.70916876537945, 242.76736621641706, 0.29942235480667362]",197.53095733617752,-0.02315271341151702,-1.3369366089613979,0.0
169,-32.16341326854703,"[-0.031943561298108505, 0.1398240032459461, 899.5366237733183, -0.18584210219972186]",197.53095733617752,-0.30587749903944483,4.832867159723978,0.0
170,-41.42105275243722,"[-0.33332921538363958, 899.96518257776347, -0.16455550352702675, 0.055650868368738254]",197.53095733617752,-18.8568474373677,2.9258170965959467,0.0
171,-41.2348971142099,"[0.38565498459620362, 899.94259711565655, -0.56146339002286882, -0.12552203547027371]",197.53095733617752,1.367841643345243,-1.144125607669432,0.0
172,12.484666431498596,"[-0.27786246438111573, 0.26846406453082122, 900.25550280511095, 0.25847913397369404]",197.53095733617752,5.086052616340629,4.828463453959866,0.0
173,-27.32899468063286,"[0.36449516033699442, -0.071533854564891614, 900.03717721178793, -0.17338278112195024]",197.53095733617752,2.0401393482788976,5.283482005516472,0.0
174,-34.54323671724259,"[0.27494399552573118, -0.088393305134991551, 900.29072883503841, 0.28734883347945139]",197.53095733617752,8.278064852034221,4.594098913684252,0.0
175,67.95531757349178,"[0.00307058312350144, 0.075008218133980537, -0.13238729353202736, -0.02677261949683777]",197.53095733617752,-7.4348746042445395,-3.0181576558343632,0.0
176,-31.968480218459334,"[0.055366786330048462, 0.11937145300027964, 899.84041069282387, 0.36032820625000106]",197.53095733617752,-1.3927913826803625e-05,4.813114096739162,0.0
177,18.500290239749148,"[0.047402310884224266, 0.090791287755007291, 900.16512125708482, -0.23231307654071812]",197.53095733617752,-3.781725063456062e-05,4.482357260570867,0.0
178,90.03384407567006,"[-0.44218168018385268, 899.90142579746771, -0.424976096998258, -0.16527413998553864]",197.53095733617752,-0.03389650345757716,-5.78300703235084,0.0
179,73.62383009254934,"[0.39512117264421232, -0.1231879092803263, 899.94785184925831, 0.2627719979912872]",197.53095733617752,2.1672017878189985e-05,1.626752813765471,0.0
180,71.56465718939651,"[0.045671439855072021, 0.13366463868852727, -0.07232674483999274, -0.092089902533321472]",197.53095733617752,0.00018319856753338382,-7.978185961617828,0.0
181,-32.000408609128414,"[0.1289811697993104, 0.21260869287328674, 900.03409142845351, -0.0056297164101920261]",197.53095733617752,-0.0002264257539906567,4.833114708140887,0.0
182,-33.27404221247279,"[-0.078041315692827615, -0.033981399201628903, 899.99153611140332, 0.1051218150205312]",197.53095733617752,0.26666022071052464,1.9697943310811248,0.0
183,72.31397017890919,"[0.1061109803168899, 6.3142636588161398, -0.096691910875119316, 0.0089833912100548141]",197.53095733617752,-0.4519915064826306,-5.697444005055293,0.0
184,61.72948614880133,"[0.28368642335348659, 4.6217165720889151, -0.3610263310901114, -0.087456622239910548]",197.53095733617752,-0.0008130429227437804,-3.79954968635581,0.0
185,11.105939531730897,"[-0.026761907142037536, -0.066007632016529066, 0.0031408729635828197, 900.38418789141497]",197.53095733617752,4.7620402030951446e-05,3.0640939821029263,0.0
186,21.59404801895083,"[0.025651176342171563, 0.19255996043790541, 900.2300877702653, -0.25186697042704786]",197.53095733617752,-0.0006608939978135192,17.25149709316166,0.0
187,-31.9863802488035,"[0.072446340247500879, 0.14862270426527444, 900.08703260469633, -0.56480151158483838]",197.53095733617752,6.715764134236243e-06,4.827708590202563,0.0
188,74.21631982390475,"[0.27667052312289125, 0.39918139256965446, 0.3022002864442293, 0.36033428506371218]",197.53095733617752,-2.9062248796105815e-05,-3.02229113292836,0.0
189,18.99586987301298,"[-0.34670218015613496, 0.12744680862045013, 899.63643931429135, 0.29232215938799788]",197.53095733617752,-0.00020527349435198124,3.695428753567862,0.0
190,-3.812543825716105,"[0.4847001254786315, 0.069861386656464464, -0.30648727727245773, 0.040506079968489386]",197.53095733617752,-0.0006279524710074279,-27.34404030052136,0.0
191,63.71225393069988,"[0.09068538607911153, -0.13120998646772924, -0.0096839376267340189, -0.26768653704467427]",197.53095733617752,0.00010837145538039459,-2.687572146290171,0.0
192,26.96645369706006,"[-0.055568206559479055, 0.34238496094532289, 0.13371805086005309, 0.12762267191173457]",197.53095733617752,4.2529434717805284e-05,-3.898068795129165,0.0
193,70.3184879644113,"[0.23363597291055019, 0.24203242526051832, 0.01582785379513349, -0.41769538081715452]",197.53095733617752,1.2151185619547057e-05,-41.01249926114396,0.0
194,16.530592728428303,"[0.052041920236500436, 0.085930848969869661, -0.34244859707058972, 0.16864003353828122]",197.53095733617752,-0.0002915127521841873,-42.42569415077938,0.0
195,9.835889951949554,"[0.1308460076715956, 0.046325253615446635, 0.071406562403310947, 0.00089401828608698386]",197.53095733617752,1.0351588292035618e-05,-0.014273180526309527,0.0
196,18.40627282265575,"[-0.079349065992600235, 0.3948521520571483, -0.2790182896701246, -0.070213684901674817]",197.53095733617752,0.00011276703801564624,-5.6532406061146965,0.0
197,-27.95901679836139,"[0.19794089636364126, 0.068134716611141219, -0.33950215365280773, -0.55846614640159009]",197.53095733617752,3.9634439964515375e-05,2.0034206564553982,0.0
198,85.83363996561755,"[0.30414844135858549, 0.12154172576851258, 899.91317970944658, 0.16401009273997783]",197.53095733617752,-3.418289287081821e-05,2.1761224134099626,0.0
199,-34.287106424067005,"[0.16353458402694165, -0.32780464323556202, -0.076360337518156726, -0.22185045394657357]",197.53095733617752,8.948457156610007e-06,-5.123867756865064,0.0
200,59.543127424241774,"[-0.13876437505567324, -0.21121292562648047, 0.49495264843868947, -0.12455688231676099]",197.53095733617752,-6.17599693108403e-05,-6.712884807639655,0.0
201,20.352375456714512,"[0.42945360794797693, -0.13325539218474575, 0.17750563032769304, 899.91687001736329]",197.53095733617752,-0.00038046608614311926,-6.913645488466565,0.0
202,197.7405224949822,"[0.070191727468396359, -0.054691706728788696, 0.31577361196815967, 899.54681205194368]",197.7405224949822,-0.0015357512180925882,-21.56750760842368,106.7065823779811
203,196.1015413243757,"[0.35892868814521106, 0.035647777765884514, -0.27020195235472988, 899.9926202398542]",197.7405224949822,-0.0002477687954763799,-17.2367416554192,113.22675118368467
204,220.3476786305873,"[0.30188046332234902, 0.49184754111054163, 0.15748589201441282, 900.02522562468687]",220.3476786305873,0.0006202652974324342,-3.9056488589031773,73.1126864766267
205,-56.97389037928119,"[0.12895312649222054, 0.022350691283447237, -0.0067886637518905077, 900.52656692408584]",220.3476786305873,-0.00028786782744913425,0.19915568629827388,0.0
206,63.03050692831758,"[0.20769515932076199, -0.084549570292919041, -0.14964888853656094, 6.0099145654654018]",220.3476786305873,-6.312264291509173e-05,-5.378344212790169,0.0
207,46.00890820976157,"[-0.20329119354665826, 0.32509825092368949, 900.11914176590346, 899.91523292112686]",220.3476786305873,-0.00014986810766307683,2.4450509328878347,0.0
208,205.913094826678,"[-0.35584304463130817, 0.02149246467810631, -0.19939400661108697, 0.096444036054780108]",220.3476786305873,-0.00012212190256905215,-16.588185937055027,95.42135987637266
209,194.12435381805503,"[0.35145897926928676, 0.19529514838455611, 899.8259872712714, 900.2113656922055]",220.3476786305873,9.64521073377428e-05,12.733342626359528,121.22855113987359
210,7.906199781344796,"[0.32135878785139915, -0.10278316289757053, 0.20980303876374132, 0.30476437099875392]",220.3476786305873,0.00020152743750487064,0.44463020691437166,0.0
211,-50.16364616987782,"[0.18118179426654074, -0.23102957795040407, 0.31269336413471288, 0.23866254068006068]",220.3476786305873,0.0003552797476724941,-51.476348883122256,0.0
212,193.51102201714448,"[-0.15304769956890402, -0.065263110925419032, 899.92874870532728, 899.97647354546018]",220.3476786305873,0.0008627648119958437,14.580215865128185,120.61599019958778
213,193.7596232525362,"[0.20702462444530154, 0.35326691424333256, 900.42429223909699, 0.17667865441080657]",220.3476786305873,0.0004716958489861099,-29.390736055286304,106.10824953097912
214,192.7089447118436,"[-0.17879566756111892, 0.3300681918306746, 900.25648813992177, -0.12467368826285891]",220.3476786305873,-0.00046828649547394653,-26.044565776587056,111.11958124778349
215,194.23138598370895,"[-0.21604469169234702, 0.17760659413317004, 900.05661948940042, 899.84945041564492]",220.3476786305873,0.0006542234276048619,-11.528793248561383,121.99077039945462
216,193.0609652602025,"[0.33789600238631429, -0.3071392403055026, 900.04385230922401, 900.04258773314325]",220.3476786305873,0.004347357543581758,15.531885335572401,120.43195503809272
217,198.45910955291413,"[-0.06961272736901794, 0.23892021916503856, 899.98698513314389, 900.17447331731603]",220.3476786305873,-5.2801076738467046e-05,0.6384504917097583,122.86366764019057
218,195.5974080967488,"[-0.22510414936456921, 0.066194647308635363, 899.89814662759034, 900.14855600221313]",220.3476786305873,-0.003346604757005038,9.11624132404825,122.10068639899983
219,196.8416591724015,"[0.031420620727631549, 0.23291788902912905, 900.22844583398796, 899.92433774895574]",220.3476786305873,0.00011677765600460868,6.701102940569382,122.36404419857021
220,188.74177461793326,"[-0.077890364960600145, 0.057297360928569865, 900.45685226624528, 899.38658897876007]",220.3476786305873,-0.001681783815103504,25.37810172246776,118.30323644090106
221,191.6227345420409,"[-0.1654575711283934, 0.1084952557968189, 900.30061322523602, 13.459589646197458]",220.3476786305873,0.001775988019597644,-19.331661785390423,119.23286212427837
222,194.74069957617456,"[0.036252536315818887, 0.13859423870466692, 899.81494675491865, 899.64917243840159]",220.3476786305873,0.0001337836386432467,-10.59923131332351,122.04500847128321
223,198.3319271930362,"[-0.0028269465328819299, 0.29432160942990143, 900.3414337032026, 899.92397747672601]",220.3476786305873,0.0017544880609392957,-2.9284496245136777,122.72483423866785
224,194.61611140257284,"[-0.29508605977220898, -0.1577491333514946, 900.18015810255361, 900.16886755463622]",220.3476786305873,-0.0020525748809835393,11.140272214424144,121.78890727906175
225,195.61861794402733,"[0.3517211631640329, -0.01423509600131706, 899.71593242204403, 899.58365527348542]",220.3476786305873,-0.00014675126700776893,-8.99260608727972,122.1274615379188
226,196.86060376468853,"[0.10010646163684589, -0.19632386614629097, 900.01644042095609, 900.42910340145932]",220.3476786305873,-0.000606428664001344,-6.4792947841836295,122.46418076133386
227,193.94321705734686,"[0.19431425895063809, -0.079230599526105075, 900.18235874541961, 900.49134823959673]",220.3476786305873,-0.0006988546496151983,-13.367671775023043,120.43082259085287
228,196.5224857531834,"[-0.021646733443001109, 0.050881643191870607, 900.09859550015676, 900.22254784680672]",220.3476786305873,0.0003148716265233072,7.227157359037437,122.38565761065936
229,193.9757231061431,"[0.072948613330991396, 0.130675098457952, 900.2124605589205, 899.90003972504508]",220.3476786305873,-0.0008077932636352173,12.717843555375653,121.42235153067888
230,191.4617890193697,"[0.16935814479891265, -0.10348265535398019, 899.83920406083587, 900.13944109095553]",220.3476786305873,-0.0039009973167567036,-19.911648239554037,119.07683334328165
231,198.66846183145415,"[-0.17754349745124334, 0.31624816542655337, 900.00008117584593, 899.94419660249173]",220.3476786305873,-0.0005774734333854119,0.9324746025181707,122.85695843315146
232,194.56650693271948,"[0.26495238771663693, 0.32586197935185796, 899.62834479405319, 900.11633501177562]",220.3476786305873,-0.00013074475656284107,11.194551894978819,121.85449144622496
233,195.2789001980416,"[-0.18384818512731982, 0.05128730862584982, 900.1715909173771, 900.34299162943364]",220.3476786305873,3.212275378850418e-05,9.364283664795769,122.28102018571688
234,192.36905569195545,"[0.30377011531607528, -0.37660807473580582, 900.09303846995408, 900.02797579030755]",220.3476786305873,-0.00013475885362154586,17.523544109312727,119.84866067435144
235,197.45823216923435,"[0.24245327433271741, -0.08740975451066807, 900.53615203245477, 900.19959901149934]",220.3476786305873,0.0012129855053512023,4.597770306777144,122.58451889714858
236,196.62311502997778,"[-0.22189388769339033, 0.086801909092968921, 900.16253469710102, 899.76720950406389]",220.3476786305873,-0.0009610095802389956,6.76356805333047,122.27852026829348
237,197.37541077016394,"[0.002769415314497369, -0.042003944822206263, 899.75082450042976, 900.1981471383009]",220.3476786305873,-8.693508639599795e-05,4.784746228706568,122.84883928177858
238,196.55516073028,"[-0.036972363002295269, 0.21156363936577549, 900.1123445987464, 899.94204174407753]",220.3476786305873,-0.0007426412887218532,6.484770948484118,122.72738952971001
239,193.69620274887274,"[-0.17433701975889709, 0.049271225520001613, 900.20436869788057, 900.19781998723147]",220.3476786305873,0.0003722904074064718,-13.064101398143396,121.46790807174045
240,197.36546167878686,"[-0.27349253478737967, -0.07852220215296124, 900.25565623553268, 900.11175362176232]",220.3476786305873,-0.0003788321780296291,5.356357966292713,122.57335823481388
241,194.27625629380103,"[0.17863236245492706, 0.20864279162711585, 900.43492682879196, 900.2262608374931]",220.3476786305873,0.0015715823203935175,-12.48322023069457,121.2389884225126
242,194.5457638791214,"[-0.03728806639504998, -0.38099281004985441, 0.18290713481019386, 0.19119452203105464]",220.3476786305873,0.001930777402367556,-15.770101912366723,117.61619603622769
243,195.80923214700465,"[0.084991986728666091, -0.30394454360733353, 899.9904981187467, 900.56960512438343]",220.3476786305873,0.0004418391331390614,-8.370731461259368,121.83790314397176
244,196.72381954271017,"[0.42008001434234737, 0.25599381523372616, 900.29415422129182, 900.18310755400057]",220.3476786305873,0.00014532521764150944,-6.322283828047971,122.74766761132591
245,187.95899198465582,"[-0.088151486535556073, 0.067667539234484972, 900.03984794800544, 900.07374951102997]",220.3476786305873,-0.0002510777106699774,36.24291696896151,109.76869881981919
246,197.46910565776085,"[-0.09738748367475128, -0.13875968213251477, 899.76743138002007, 900.29674555704435]",220.3476786305873,0.0007197820668310027,4.631369090645754,122.8499368607793
247,197.7419927380474,"[0.010694229668247741, 0.27916569499007582, 900.10552850988927, 900.14994916417913]",220.3476786305873,-0.00015056710788249742,4.645032801068554,122.65435056142425
248,198.3956155019842,"[-0.28422305837123107, 0.065205978757471819, 900.22631420549124, 899.93847201226288]",220.3476786305873,0.00040952365289081147,2.734192959020691,122.7744284075566
249,189.5984182169847,"[0.1625827912711455, 0.012161809311964311, 900.10253267524047, 900.02670385090369]",220.3476786305873,0.00027478475800961615,-25.8356884501006,116.60858576678113
250,190.83201996259405,"[-0.032210387728325462, 0.092497206860441522, 900.03705075682876, 900.32770955745991]",220.3476786305873,0.001742841591684607,-22.517093442979142,117.70978515860992
251,191.34768857144473,"[0.076627978716311093, 0.11268330329555414, 899.84578128332817, 900.23664305954173]",220.3476786305873,-0.00014642040835945183,18.40258723699723,120.51455598399271
252,192.15154835778299,"[-0.20627091742078557, -0.37739982947909634, 900.21314819203167, 900.10417074398276]",220.3476786305873,0.003114711619944053,-18.679487104022495,119.09018093093283
253,194.67640451027466,"[0.050130937232479078, 0.45934715302966445, 899.92821336468819, 899.72659327380904]",220.3476786305873,0.0003495668396488813,11.343111128262443,121.43478031209254
254,193.73106063608998,"[0.24362957927262419, 0.18753693490978166, 899.86412973835309, 899.95870556690898]",220.3476786305873,0.003969901942185655,13.973669040106689,120.84200351063994
255,195.65917798513553,"[0.47099239895299816, 0.041725061076073058, 900.5365823004355, 900.18277134476159]",220.3476786305873,0.00025512416733811116,-9.185199769146067,121.97426736364143
256,200.72148735603616,"[0.12271735528898867, -0.22800872032540059, 0.34256018466476768, 900.1602071405473]",220.3476786305873,0.0005719956422239091,-18.341241393063402,104.6675370068213
257,195.0793129897064,"[-0.0054675210343046454, 0.47090608516462318, 899.77682584923343, 900.20931277732257]",220.3476786305873,-0.0015286120581333067,9.905793301067991,122.1437582074353
258,197.09498385222687,"[-0.38959807120254847, -0.21497248001112373, 899.95033011196927, 900.08322069813948]",220.3476786305873,0.007380388750247946,5.613061976007897,122.479883537186
259,191.97640042547053,"[-0.015284576535744832, 0.20975395056672333, 900.3650091059053, 899.85396504703192]",220.3476786305873,0.0006779690631144879,19.009228846184502,119.0773829956242
260,196.67189428553215,"[0.023339427703854061, 0.22933926491160161, 900.01635889669399, 900.57969586386309]",220.3476786305873,-0.00010950815416843351,6.064097064451706,122.8047967624572
261,192.94739569707363,"[0.078378077312485098, 0.21819355753727412, 899.98917282879904, 900.30150292948213]",220.3476786305873,0.0007275255547378725,-16.03454449353404,120.17601543986044
262,191.92763720141042,"[0.32604545270540131, 0.076075186265663286, 900.01647043457433, 900.36138215650328]",220.3476786305873,-0.00307634182698242,18.051794054787614,119.903992345196
263,195.51321416797336,"[0.020088556013822589, 0.058429512912876368, 900.20269142582481, 900.05701409972323]",220.3476786305873,-0.001418687515484174,9.39206170544944,121.98949039608948
264,196.82710661915684,"[0.2938877578687995, -0.13745352609114869, 899.83670893839462, 900.0713029023932]",220.3476786305873,-3.911273687529698e-05,-6.561722216774102,122.52616869178226
265,192.13528564485182,"[-0.26171282982895849, 0.32356984152892188, 899.89280362049226, 900.42037129010964]",220.3476786305873,3.126972546055177e-05,18.007488380998044,119.67518927072469
266,198.27051153528953,"[-0.2118116721655959, -0.063389230234320498, 899.96877220869112, 899.69086389283154]",220.3476786305873,-0.0013027916863402244,3.7453550261482498,122.69915658331833
267,193.2448135437198,"[-0.015848242199150299, 0.20417280406814331, 899.96228076159548, 900.08154665208644]",220.3476786305873,0.00018653676952513755,-14.872258629187655,120.68982155553822
268,198.04501629894986,"[0.14709049920726297, 0.1292804012208954, 899.74322777838836, 899.9114762772532]",220.3476786305873,-0.0007134437404451102,4.0985248281595315,122.61310976153966
269,188.2202123775567,"[0.12756637360161804, 0.15021938660708631, 899.88367102602297, 900.15590386087001]",220.3476786305873,-0.001264057381978396,-38.21102435471417,107.61159519445741
270,188.41323562809214,"[-0.28256753970217452, 0.018464596995391172, 899.91163857274944, 899.96953994143678]",220.3476786305873,-0.00010048146655335205,32.502170434471594,112.44909897199716
271,188.27905462657014,"[-0.0081915020426251844, -0.041017910671605505, 900.02668023658953, 900.22265047524809]",220.3476786305873,0.00024703461248804296,33.96849146181498,111.33446964448794
272,193.88351149276522,"[0.23327377712957162, -0.35689513803308809, 900.32363370965254, 900.0795828716092]",220.3476786305873,-0.0005581171162997865,-13.952406264139555,120.58234318361812
273,188.37005264027943,"[-0.10186147893881589, -0.00011029328111640535, 900.20047870706833, 900.09117837671272]",220.3476786305873,-0.0006442790014052001,32.327663661258015,112.63486849754203
274,191.81049898601069,"[-0.22293255178335342, -0.37066023795671649, 900.19892040375953, 900.21882963349287]",220.3476786305873,0.00025472084018425995,18.4097650731402,119.81488961539381
275,197.85819632302847,"[-0.10279775724603399, -0.099531297358553927, 899.92052156462466, 899.58831170082306]",220.3476786305873,0.00045992697339888806,-4.677947164390625,122.52223136401805
276,196.26441033717018,"[0.013270168712256673, 0.065763046887451437, 900.08153980124882, 900.13332406496818]",220.3476786305873,-0.002462191502322068,-8.176142871816676,121.9731519814059
277,197.76302961137483,"[-0.08727239243220114, -0.064610064578703802, 900.00758665662022, 900.53043164478549]",220.3476786305873,-0.0004743898422407177,3.946654078946633,122.71047316140218
278,189.00170005302888,"[0.16610369321875484, 0.29786591456715328, 899.65148855801999, 899.71205876514375]",220.3476786305873,-0.000777111113893401,-35.344168653201365,109.01051270617471
279,192.28127122569626,"[-0.096136637653534571, -0.11240294349217961, 900.19022870089589, 900.03508230030229]",220.3476786305873,-0.0014278826862300744,15.933479821765616,121.11904584491893
280,195.77079060202055,"[0.13138918359657212, -0.16660456124598685, 899.83507859833139, 900.02186644809592]",220.3476786305873,-0.0006098489858562247,-8.937758050884698,122.03501621687741
281,190.30218278995457,"[-0.1230217225886989, 0.31448795367985005, 900.42812523972088, 899.94947775239098]",220.3476786305873,0.0006648341881629866,-23.55723650580771,117.58965568985595
282,193.0544134369829,"[0.2819947161505279, 0.44871898043138725, 899.85412642774475, 900.20928140739613]",220.3476786305873,0.00041196370720410837,-16.070097356482936,120.04091328792758
283,191.49452180946167,"[-0.14298626811311746, -0.010193823474283971, 900.15181046605312, 900.16479569931255]",220.3476786305873,6.594171825351107e-05,18.671141027187705,120.04370167349833
284,198.95910010924592,"[0.090716730129035875, -0.031018100005701835, 899.93616220050353, 900.16472763548063]",220.3476786305873,-0.0011607339569738924,2.246858572743237,122.77339595628322
285,198.82381401857705,"[-0.31401540644116588, -0.0083215594888386146, 900.29565051998395, 900.50915521169645]",220.3476786305873,0.00035328828606838816,2.0071517892024353,122.8902834988636
286,193.20914680598273,"[0.1167779024096896, 0.1248503726353356, 900.24922049785482, 899.93277940303938]",220.3476786305873,-0.000977910046642732,-14.819788150164953,120.78295472971807
287,198.13585806608182,"[0.2417770393701269, 0.39746989482033585, 900.34343896050564, 899.6409660998188]",220.3476786305873,0.00013519172337264754,0.9308463372935326,122.90548659838299
288,198.6446300002342,"[0.037655499290644476, -0.053443150762207792, 900.18634143464101, 899.91193164454569]",220.3476786305873,-0.00010683796181959483,-1.1050897390936003,123.00245836818804
289,195.8953088544409,"[0.4171132048118622, -0.24282061822824358, 900.50045953476854, 899.86943529904488]",220.3476786305873,0.0014117796793413399,-8.868201268720215,121.9397771380574
290,197.96599182227973,"[0.0005575043437582106, 0.33760539445889776, 899.99860105011112, 899.72982013599835]",220.3476786305873,0.0005283968058376244,-0.48256983068417053,122.84907121996049
291,192.74476684990486,"[-0.0043604767673149358, 0.1791659695787286, 900.24371296537765, 900.01646947124709]",220.3476786305873,-0.00021986115747922794,15.695051551787307,120.69042240254136
292,190.46603340831527,"[0.04962866437909623, -0.22038869818699203, 900.10585415584035, 899.98906371888472]",220.3476786305873,0.001563825225544194,22.391840086023294,118.32108519243926
293,198.8504835132129,"[0.20165891030427263, 0.38094282486087228, 899.91093399405213, 900.02512481581755]",220.3476786305873,0.011418840711961068,-2.2319177393865948,122.84909577835043
294,195.09267809161048,"[-0.29072707067608561, 0.02297419382966908, 899.74888737010826, 899.98041415391594]",220.3476786305873,0.0014383373652236773,-9.979273461273781,122.06784724889789
295,187.79123478427857,"[-0.17875301876539956, -0.042766454084215019, 899.83469757204728, 899.90620660904858]",220.3476786305873,0.0006284051377262558,37.25355274338424,109.10649114871333
296,187.35007082790355,"[0.16373485179719383, 0.10902891887392435, 900.11037722122546, 900.27535083413397]",220.3476786305873,-0.0004096221362983518,37.12747422389257,110.00688601069793
297,196.55054456063928,"[0.21001801688104374, 0.017026908806286822, 900.37543733406221, 900.36818501526818]",220.3476786305873,0.0013831518212382174,-7.224990598224858,122.10162561901724
298,192.3881472736346,"[0.088010207881952032, -0.017691221922765288, 900.43878772305061, 900.2179425824919]",220.3476786305873,0.0006647104091739621,-17.450230187410536,119.75348820734386
299,195.70142601237103,"[-0.18354626857969863, 0.35499768736840542, 900.30653173558073, 899.97416550427829]",220.3476786305873,0.00013200422863268022,-9.131888051620212,121.92055026297886
300,194.05923808356943,"[0.075853918745963825, 0.17549794975923919, 899.7559009279729, 900.05420404551467]",220.3476786305873,-0.0011051045421236457,-12.042198672635022,121.85345663266575
301,198.36418904259486,"[0.12727468204348544, 0.26888690849556163, 900.08089070102778, 900.29903491970833]",220.3476786305873,-0.0002734814830134418,1.5889541673590548,122.9086892082702
302,191.43896945800068,"[-0.29218931284624811, 0.25107212159215841, 899.94551519006916, 899.96087872004034]",220.3476786305873,-5.4628930814473485e-05,-19.000987364219487,119.80803930897828
303,198.77233301368875,"[-0.1733761481620992, -0.28723741040262496, 900.07001906235314, 899.66669179436633]",220.3476786305873,-0.00033747071164827046,2.590274169763173,122.82820114356747
304,198.30391882839353,"[0.34852679789853536, 0.4262104744357007, 900.02737420022095, 900.1165994714496]",220.3476786305873,4.530624684695539e-05,-1.7547348263317128,123.09405459704499
305,189.23063370647324,"[0.086959621795713371, -0.41498994978908488, 899.79303394072258, 899.99572126637133]",220.3476786305873,-0.00029470109618607307,28.341905438109304,114.91175595394036
306,192.32638313820607,"[0.19942590757649178, 0.0020804439224594642, 900.3308248400001, 900.44326996800828]",220.3476786305873,0.0034976049138365542,17.900555005919998,119.50708307831702
307,197.87707670523798,"[0.4518161009236657, 0.02278393056727368, 900.10590668547354, 900.69102681295124]",220.3476786305873,-2.7644292538656193e-05,-4.512776219189738,122.60856247444231
308,188.47912494549502,"[0.42634790958639435, -0.27011640770822326, 899.91078414299295, 899.82904993034504]",220.3476786305873,3.917785439682851e-06,32.166493544285366,112.66006577648777
309,192.24095697507755,"[0.32252575175778053, -0.22158071411674918, 899.88564605482179, 900.18448585562805]",220.3476786305873,-0.002747891895504623,16.438028100971195,120.82652465503149
310,187.9317833638,"[0.16221389721983398, 0.051678539275255286, 900.55735941535545, 900.12339424235779]",220.3476786305873,0.0006930052097976925,33.900436598677956,111.89835905733527
311,196.83789418736427,"[0.17730963633921598, 0.13049372243224486, 900.18654475081757, 900.34795461599163]",220.3476786305873,0.0010712106344434303,-5.268953434514487,122.38470544611444
312,193.2006211189258,"[-0.012434597050839047, 0.31537682785033633, 900.21562113127334, 900.17279088566988]",220.3476786305873,0.0036296901139863213,-13.169699935665514,122.04958238649327
313,197.1055049308628,"[-0.22671686805251023, 0.25852067272453588, 900.50467083500428, 900.12701147781297]",220.3476786305873,0.0009257434969201378,6.053364480605002,122.47147754926421
314,189.27527956237182,"[0.14175361827851157, -0.07212799538613085, 899.96498341353742, 899.91261761706198]",220.3476786305873,-0.001519430785098087,28.298275825234818,114.88308468983688
315,196.63187051331113,"[-0.033669933998709198, 0.33845054063831903, 899.97525956833897, 899.60922756282173]",220.3476786305873,0.0004689420289758256,6.651776039351629,122.58156950828683
316,197.8886860048845,"[-0.05796012617916621, 0.44458438893764263, 900.17146348002188, 900.36112641241596]",220.3476786305873,0.0017267543267211985,3.7747647658081993,122.87980780412818
317,196.2269742482948,"[-0.087199180642341056, 0.27271899135185945, 900.27395440050418, 900.10041548757113]",220.3476786305873,0.0021294123245639346,7.473752295878702,122.50988722673252
318,197.43326672278548,"[-0.38849574473544596, 0.12050231245640376, 900.07132347449783, 900.18816768055069]",220.3476786305873,-8.200604659165916e-05,-4.322791110930851,123.15361105539303
319,190.15221737188148,"[0.034973763598500671, 0.11297125314756848, 899.992516831079, 899.89270680762831]",220.3476786305873,-5.185302608756352e-06,-22.713727008719058,118.5435413890062
320,192.77918478177207,"[0.11386064407821395, 0.20834869382656893, 900.25510987122527, 900.11289390547927]",220.3476786305873,-0.0010623452815434462,16.16196497468057,120.36867291978128
321,190.57078971037478,"[-0.18994635738514729, 0.21793029649607526, 899.92068923365048, 900.25054399272835]",220.3476786305873,0.0004237454418657321,-21.069389272670662,119.38209462931647
322,194.28607832822183,"[0.72643071056304787, -0.12708468923382785, 900.21465823060419, 899.68526841473886]",220.3476786305873,-0.0009906566281834952,-12.171880909199258,121.4769027674226
323,195.00955993935605,"[-0.042887446332624243, -0.1483168460687134, 900.19307090158668, 899.94210730047359]",220.3476786305873,-0.000535374598047157,-10.063096667440224,122.01082688084503
324,199.64384027929623,"[0.29590934638608646, -0.29587493943490101, 899.95322879621051, 899.98794208605602]",220.3476786305873,0.004369407323075956,0.642578919612541,122.82371868138179
325,190.41535142074991,"[-0.10480063602010499, -0.40081533996135227, 900.37965867031664, 900.03654881697173]",220.3476786305873,1.050910904420871e-05,-21.332468510092987,119.29954179620661
326,197.16801911736312,"[0.29962870128970354, 0.26005536951251335, 900.00724080547297, 899.79548140549139]",220.3476786305873,-0.001244899472102634,-5.9327226929696995,122.41467553127592
327,195.34119646530317,"[-0.32497988996711324, 0.30463872399321323, 900.22072301768537, 900.19283918617487]",220.3476786305873,-0.00041773224733731586,-9.416355734719755,122.1589104961664
328,192.0270579427002,"[0.48036074315557686, -0.19806904555995475, 899.61088606212729, 899.98077005497578]",220.3476786305873,-0.00048531205783811093,-17.118780250251756,120.51813225085864
329,197.0187780695158,"[0.21733408297475068, 0.0096810460407352888, 900.10115401244002, 900.01229440552322]",220.3476786305873,0.0036824337003394597,-3.9017843158287313,122.53117662488877
330,187.4577027614794,"[0.22013096915220559, 0.24129457082696204, 900.34147518367047, 900.42185330834798]",220.3476786305873,2.7732347565137286e-05,41.17630409143233,106.12205735227776
331,189.16070602502305,"[0.29649248706291614, 0.15925341077266089, 899.79236570460137, 900.21366624058817]",220.3476786305873,-0.002115269738436218,-33.75500432463973,110.1597973630751
332,196.09346097765257,"[0.19470691101946039, -0.0033673431001821005, 900.08091138717862, 900.27382057997158]",220.3476786305873,-0.0014602218550442577,-8.183292510147888,122.16325647379877
333,191.85484380807353,"[0.40367122450754833, -0.2063351655089937, 900.16699868358694, 900.07194213002549]",220.3476786305873,-0.0036072655404387655,18.8149390515154,119.37843504799274
334,195.39484068494107,"[0.3742548794774776, -0.062894111651405862, 900.15838136861714, 900.13018492520894]",220.3476786305873,-0.0001384516343583945,9.980390810441426,121.79097947518669
335,199.5210826554823,"[0.57238856950805417, 0.33962646890379067, 899.93801621817875, 899.96252981762996]",220.3476786305873,-0.0009293611790065247,-0.31708827717962323,122.83635748390267
336,193.57361452948135,"[-0.22802767653292788, 0.30125365555318273, 899.97548320129215, 899.90566550712776]",220.3476786305873,-0.00024769429906674605,14.487510265988966,120.62500956904144
337,197.93929076821266,"[0.19353329878113523, -0.25441916021616146, 899.89201528603223, 900.04678225697887]",220.3476786305873,0.0002631637623075813,3.87104313521635,122.83578780297938
338,198.29504012872277,"[0.17240477995138079, 0.1539360188799791, 900.12307223947937, 900.21108403981896]",220.3476786305873,-0.0013631701628442087,1.2836076362578852,122.91270192085165
339,193.3950246879848,"[-0.05548422594115382, -0.3104535851833673, 899.82796249796877, 900.35949476159828]",220.3476786305873,0.0032468066419942317,14.820620704684801,120.58657451332391
340,190.08949135519643,"[0.2283673115985127, 0.066933140996257509, 899.82217340111617, 899.79887583049617]",220.3476786305873,0.00029977857641779696,22.86281006982298,118.56352060237202
341,196.3528014747449,"[-0.12747812337859052, -0.19722340848883058, 900.1194530957606, 900.22418959530739]",220.3476786305873,0.0009925417051914623,-7.482649453282112,122.33613160081636
342,189.10083562220277,"[0.055902490465434079, 0.216562595597762, 900.10427667809597, 899.85512497195373]",220.3476786305873,-0.002333577983636863,28.862016376564142,114.66269997193885
343,193.24929306286612,"[-0.0051512370081979869, 0.54954837265742729, 899.93292781917182, 900.14424725264894]",220.3476786305873,0.0004220862507592592,13.009072877659943,121.77161318553182
344,189.94454486813288,"[-0.037380539067721555, 0.072699027238774763, 899.88466220934947, 900.1591110057517]",220.3476786305873,-0.0005719586037215026,25.448716682697132,116.41743899287015
345,198.97144054340103,"[0.10278953118833119, 0.19984473591111479, 899.92541294176908, 900.13753486519454]",220.3476786305873,-4.596063074869472e-05,2.290527480981172,122.78977009130612
346,188.13706896334594,"[-0.19386709706663929, 0.45432125294969705, 900.23249733222872, 899.78495457062832]",220.3476786305873,-0.00014433241285367586,32.336141874730565,113.06055508722403
347,193.8616550407578,"[-0.090879717851180583, -0.016955287365588698, 900.31010297697503, 900.26308891183419]",220.3476786305873,-0.00011453724958784062,12.039497871533687,122.0305412882281
348,188.78205704649696,"[-0.031941466103396918, -0.0072584296780536794, -0.28387860088972644, 900.04137146635458]",220.3476786305873,-0.002491962252081789,-34.926669017198165,109.49699237827924
349,190.70929641369736,"[-0.10444382515633058, -0.033073757715258501, 0.15989520064727802, 900.34199284141005]",220.3476786305873,0.0001044097477129389,-23.39499709004182,116.81623828703894
350,195.48873234843552,"[-0.18601366128924435, -0.033737339103360381, 899.8518685401765, 899.91916681119255]",220.3476786305873,0.0008390601271370029,9.11279564444386,122.2484140835699
351,192.8752373199348,"[-0.027846281335200979, 0.30450777928628042, 900.36729793335712, 899.71026468684568]",220.3476786305873,-0.0012382212083820374,14.798379699313813,121.18743318293808
352,197.64443698072049,"[-0.50985077993286454, 0.061704093145333691, 900.01532235779769, 899.97686583916095]",220.3476786305873,-0.0015804480333379233,-4.861698928051164,122.66685180459058
353,198.31374482117755,"[-0.1186800196102058, 0.15272617653477724, 899.80876075985918, 899.82802491793734]",220.3476786305873,9.510883513712636e-05,2.3918269938290178,122.77400138423131
354,192.75968242985277,"[0.38881345997255351, -0.12033467579516102, 899.90817071238109, 900.0552727671195]",220.3476786305873,0.0011252226145378912,14.98340121902017,121.24397910432612
355,188.36856887225008,"[0.16624369917562914, -0.081634884064198249, 900.23264872407606, 899.84480795799914]",220.3476786305873,-0.0019672238273051876,33.335086975331436,111.76043476021707
356,193.21988515311216,"[0.41334778196409683, 0.11749614372854666, 899.96528108541918, 900.0370460027749]",220.3476786305873,-0.0029821164522416416,-15.256220358638414,120.43914725170659
357,194.42893690870977,"[0.23705170736336612, 0.21462282282365941, 900.01591815628058, 899.85154061118828]",220.3476786305873,0.0034385834923677527,12.30801825341041,121.22386127914771
358,198.59305819526958,"[-0.064694077009497919, 0.060713138903271305, 900.01881356465231, 900.35030407397437]",220.3476786305873,0.0032656859864528868,-2.7647319447898986,122.80854440819824
359,189.00021971104692,"[0.10134487614946516, 0.13966144905758565, 899.87824027464637, 900.21382459239862]",220.3476786305873,-0.009966532503983399,29.251875788998998,114.46917515971958
360,193.6527448960715,"[0.77548625920284775, -0.035684526170314881, 900.03390037820225, 900.20400232493466]",220.3476786305873,-0.004026136553500561,-14.937794598005553,120.13750086887266
361,194.73826043668643,"[0.12968650862898801, -0.37224796381519265, 900.33268772166809, 900.25424219890385]",220.3476786305873,-0.0025529548596621467,11.32419374478514,121.53342857653539
362,199.28464579977293,"[-0.65392241652500149, 0.11349223825741388, 900.10864229496121, 899.67426446369223]",220.3476786305873,0.0038845212149284684,-1.1994125274043475,122.90972043751081
363,190.92160151609596,"[-0.41410872236392915, -0.055921284611541298, 900.06897365957104, 900.104728252369]",220.3476786305873,0.00021358111714643279,22.07932432458783,117.93855330111704
364,193.4545441841284,"[-0.018404984112487244, -0.18813406129845028, 900.5662401259998, 900.61186583101266]",220.3476786305873,0.0001721966103019847,-14.523321400245766,120.74090045564063
365,191.49437419637803,"[0.18038800506773969, -0.13515134057333528, 900.2451617138654, 900.01357555432492]",220.3476786305873,0.0007202343058612469,20.186331137428894,118.74987698942718
366,197.3620638924039,"[0.062985028230923168, -0.52105304513013895, 899.89927539542396, 900.00603283279963]",220.3476786305873,-0.0016436172745575878,5.346423299764249,122.68202350655848
367,199.32567025414505,"[-0.20605561206081976, -0.12575180354678331, 900.195029073044, 899.91990203622186]",220.3476786305873,0.00024156948117504262,1.6711817112917942,122.80331683534895
368,196.23171743790544,"[0.082916911366545804, -0.26077229559167681, 899.79158105652152, 900.01593719952393]",220.3476786305873,0.0005426998884210593,8.020369580587397,122.07894827120005
369,197.98714087626658,"[-0.30973763799511744, 0.051899179797386036, 900.08518500333355, 900.402436376374]",220.3476786305873,4.1488968576008826e-05,2.7383803033612275,122.77240532202093
370,186.8865007850703,"[0.29227855600931013, 0.18409643686374483, 900.11379264616062, 899.97368257068661]",220.3476786305873,-0.0016514047651375588,44.08697624231439,104.50434586477645
371,189.75758237071878,"[0.062927354906074429, 0.21065571090484683, 899.8721917444168, 899.89452198257663]",220.3476786305873,-0.0005190352554631394,-23.494475279637737,118.47852714801583
372,189.2530857058855,"[0.086268084344115772, 0.36502672847801776, 900.20941001864628, 900.25055011572385]",220.3476786305873,-0.00022849130692346688,28.312315781995952,114.91688419662441
373,197.58306727622173,"[-0.46093483645239552, 0.19490311655968684, 899.77302359499845, 900.32343330168499]",220.3476786305873,0.002469571292964292,-4.114101584774663,123.02214508938401
374,189.89189001300653,"[-0.29898930616806479, -0.13525482049505824, 900.41836247534002, 900.03743310270181]",220.3476786305873,-0.00034812799062565285,22.573634627290694,119.09815372923262
375,189.74190844658926,"[-0.032081285110285684, 0.29815832621613952, 900.01362758645416, 899.8529126035985]",220.3476786305873,-0.00048333276307069355,-31.42496914852783,111.3098444781523
376,188.70234373290342,"[-0.27887885544055024, 0.17744909687397251, 900.07214845786575, 900.00949972311776]",220.3476786305873,0.00013315569155811913,30.363936671469105,113.93869278879686
377,197.8332561688774,"[-0.35186991244266264, 0.1203726715320453, 900.12374706491596, 900.20192105763567]",220.3476786305873,0.004114926698454548,4.507954073589923,122.64608658448694
378,199.59144441930644,"[-0.015734159034800854, -0.28537357033283228, 900.25663579109516, 899.94566777546845]",220.3476786305873,0.0012524171291598259,1.2343888433038077,122.7952805596977
379,195.40112973095603,"[0.0014226339938791313, -0.034680917728588584, 900.13226653780316, 900.10185257038063]",220.3476786305873,-0.003400524619391592,9.909972236744085,121.84344045786484
380,190.51493871595287,"[-0.058866468684335656, -0.17352812220920899, 900.31166239560127, 899.88309452566068]",220.3476786305873,-0.001055136553153567,22.304145294068583,118.37316923389902
381,195.72008293750085,"[-0.01725579261965679, 0.057279356113230082, 899.85252585485216, 900.04912439125326]",220.3476786305873,0.005236175385450087,-8.450035251031242,122.37381533830457
382,192.51512305947207,"[-0.35772417387442301, 0.047767704776853971, 900.36956790491604, 899.87694124194661]",220.3476786305873,0.001749643219171112,16.856425917636646,120.09106868526968
383,192.597257297135,"[-0.14516542971177571, 0.12663766779662533, 900.05775924299496, 899.9139546428097]",220.3476786305873,-0.0009772354331067637,-14.81280830371748,121.68037108339546
384,188.34958516006415,"[0.022287012089659441, -0.10310163229774073, 899.78107626156998, 899.95127869271676]",220.3476786305873,-0.00027690898127912976,-34.36467242203729,110.92476856912053
385,195.87447091798853,"[0.10611057120852672, -0.030019662324586915, 899.97895473807489, 899.8880383853782]",220.3476786305873,3.005571871533288e-05,-8.5317789280918,122.14182965658271
386,192.1651322373855,"[0.028652661880067404, 0.11806031663406888, 899.78257728575727, 900.1922954796122]",220.3476786305873,-0.00028281265895984856,-18.116776602031127,119.53930385369694
387,199.64434874123793,"[-0.095033761311705156, 0.13734241056797986, 900.53083748304289, 900.04892344313691]",220.3476786305873,0.0014247104822613555,-0.43978184043566776,122.80022210609906
388,191.74181256697503,"[-0.21706588131674648, 0.080777225376786777, 899.83991608069584, 899.85369732348806]",220.3476786305873,0.001857974517256801,18.876146254684144,119.47099887689339
389,199.15137472401926,"[-0.30483326014522771, 0.0035615597697345805, 899.97325779161179, 899.99342491236632]",220.3476786305873,0.005286729482148378,0.6961932560051931,122.84811482880339
390,192.05697408472543,"[-0.17272016528850218, 0.18378115730675215, 899.84996824235498, 900.30390364187599]",220.3476786305873,-0.0011835502416700518,-17.29014018179827,120.41289478116241
391,198.0477440358864,"[0.33103111998077184, 0.24151013780757122, 900.32916584661359, 899.6231810628218]",220.3476786305873,-0.0005584738970134949,-4.1507489777896165,122.65188871747414
392,193.34566067998765,"[0.30771213054557633, 0.11499224739758207, 899.73771124359848, 899.9845275755265]",220.3476786305873,5.152134527695738e-05,14.82611911248389,120.61538017541679
393,197.417988995668,"[0.15366117504905158, 0.0081134632037526688, 900.02834157557004, 900.17441702705435]",220.3476786305873,0.000456571886854144,1.122815616426019,122.92813892018971
394,197.93036434774498,"[-0.15814277798124282, 0.16987981578770955, 900.20832671439973, 899.95230426511307]",220.3476786305873,-0.00012407227346129484,-4.062037705903076,122.58767600386281
395,190.839787957946,"[-0.19824082048020375, -0.0046174473194416504, 899.93510853595876, 900.02725413846406]",220.3476786305873,-0.00037575617667077435,21.498816736461094,118.60744582009082
396,191.4399915136056,"[0.0057678634120613068, 0.030950919014018821, 899.72303902737917, 900.14713618405244]",220.3476786305873,-0.000962629829630966,-19.724859825246618,119.20761515032932
397,195.7475643054839,"[0.12772238726364443, 0.02598788821203768, 899.85412242977941, 900.27963152149641]",220.3476786305873,-1.4675394862075946e-05,-8.990779031472025,122.01300860881693
398,190.52814396555306,"[-0.22628505398761214, 0.19801868717689269, 899.63667510618598, 900.1477711594556]",220.3476786305873,-0.0020926181056101422,23.581365616488178,117.22778657724658
399,196.76812592769355,"[-0.1702614137673007, 0.35096046655678947, 899.66604654322134, 900.38833841104702]",220.3476786305873,0.0005008330405024316,-6.976105683097455,122.25700209883863
400,191.08890478851865,"[-0.35057623781825603, -0.43474050544626741, 899.97269552437365, 900.13642620436872]",220.3476786305873,-5.8064968528007244e-05,-20.91262007350421,118.72861247668476
401,198.26490276869131,"[0.018076323175770986, 0.19097220720470767, 899.81898104701202, 899.8758481816003]",220.3476786305873,0.001518759226504795,-3.035666238659101,122.9380321056042
402,192.24985853979064,"[0.15815725138375628, 0.10505112531299574, 900.04682716160346, 900.44576401533004]",220.3476786305873,0.0030851900621522254,17.56095566868563,119.8613858617948
403,190.42147461898747,"[-0.073036131021137277, -0.13836834106390825, 899.97722052562165, 900.06809343461282]",220.3476786305873,0.0005472779204214508,20.610827697014745,119.98566303392536
404,198.06079989518418,"[-0.39370284475555128, -0.069696412932618662, 900.18937233470069, 899.78687898641977]",220.3476786305873,0.0013276866476452584,-4.060857851012119,122.67153063647174
405,199.3067619541545,"[-0.36477750878101461, 0.25105665032843022, 900.33913739104173, 900.21718924426671]",220.3476786305873,-6.169822949589901e-05,-0.43506679854006863,122.82713977815057
406,195.76314437174764,"[-0.061551899480969209, 0.16988028405525668, 899.65352791393059, 899.82888628425053]",220.3476786305873,-0.0009709126118155413,8.45477927820019,122.02391294959932
407,192.12669836524526,"[-0.17493067714380911, 0.16546548989174931, 900.07239590475069, 900.29717888442644]",220.3476786305873,-0.00032303112081827833,-16.309646020089893,121.06972576725964
408,192.02422814179988,"[-0.017448222470821201, -0.010613277497314961, 900.21487335829704, 900.46863654414904]",220.3476786305873,0.0004427577942736355,-17.975869992747185,119.86489212941609
409,188.81282432593812,"[-0.040545224393850013, 0.15749417654254536, 899.88956817272094, 900.09092348845661]",220.3476786305873,0.0007521898811361177,30.907800221155686,113.2679356720999
410,188.65656637564783,"[0.61760296383039825, 0.20835423119467272, 899.97390182731499, 900.21997570279814]",220.3476786305873,-0.002181423004725426,31.54917037426065,112.9239779361952
411,188.34563263276797,"[0.35710530223567349, 0.13908476667863406, 899.88933574344389, 900.00211473244485]",220.3476786305873,-0.00058107746852149,30.06184381573899,114.79249637368318
412,190.69942389179985,"[0.073455441622817669, 0.24225527437876182, 899.86547604769828, 899.78887344986958]",220.3476786305873,0.002169035342630552,22.49564339969263,117.92619488710785
413,193.07627966516299,"[0.3964862828413836, 0.20158367434597468, 900.00257198076179, 900.08099690725453]",220.3476786305873,0.0007421965886962174,15.72867275032249,120.33572731586706
414,195.7180909628984,"[0.021814700785075573, 0.2689973466839341, 900.10039971628794, 899.91986811712036]",220.3476786305873,7.192842458494513e-07,-8.157609225104148,122.6186556947308
415,191.66329492921372,"[0.098467333392235609, -0.083930431412577375, 899.74676083287386, 900.06317253172699]",220.3476786305873,-0.003662501177568937,-19.03083048438918,119.44426523442019
416,189.01012333232197,"[-0.41930875393814965, -0.30823024928222925, 900.29653710696675, 899.97639455455044]",220.3476786305873,0.0006431352276907313,-28.292925394145865,115.32541630138779
417,192.20557728036863,"[0.044812284904737057, -0.15195869889626307, 899.65817391013684, 900.32525394122877]",220.3476786305873,0.0006496780334267414,18.21169371842875,119.38375926785811
418,188.27010067308234,"[0.17554665297023653, 0.68988228355419212, 899.892693477492, 899.94043235170625]",220.3476786305873,0.00034264373105375085,-34.64315750812175,110.77218554199621
419,195.3031508575954,"[0.51435326248247448, 0.27694340265481932, 900.14665614928151, 899.76916762623819]",220.3476786305873,-0.002167880177940185,9.48662616151251,122.3143618203673
420,193.9905016749993,"[0.15929887263192494, -0.0125271149223945, 899.83416020637469, 900.28135184603241]",220.3476786305873,0.00013503898857187587,11.877126249046803,122.03771882401539
421,190.0966463444624,"[0.23942496269937633, -0.17571044759267435, 899.95627363257063, 899.95724579728744]",220.3476786305873,-0.0004126726406608057,-25.553725576446134,116.13405641062683
422,197.54859077150948,"[-0.054700421913419402, 0.043716909172057082, 899.7162314993775, 900.19353846558681]",220.3476786305873,0.0035879873011949773,5.238525798853447,122.54786287717236
423,191.73406802945755,"[-0.18506661344782974, 0.084126534995164232, 900.28842510302491, 900.03546539205581]",220.3476786305873,-2.1225569490564197e-05,-19.16958376523576,119.2693953419685
424,189.60814397209504,"[0.24349073674727922, -0.24784035611447136, 900.07157229064842, 900.22674804242922]",220.3476786305873,-0.0011595937787039206,27.29437490603135,115.30831621205758
425,197.537256566607,"[0.15627727276285752, -0.10632169346866953, 900.08917241684173, 899.83248543457694]",220.3476786305873,-2.9295312733996892e-05,5.314432837168641,122.49302684864881
426,197.41713759350566,"[0.087494324259572986, 0.25133141560265304, 900.22410880206007, 900.08647970437073]",220.3476786305873,0.001078681074182434,4.986974004737678,122.80482374370852
427,188.6031499167377,"[0.2127416006704812, 0.20479919402434124, 900.23573594195341, 900.07954944642279]",220.3476786305873,-0.0015732873039547397,31.47586168740078,113.06566696105837
428,190.9117952788064,"[0.11896541823651488, 0.27741547535590272, 900.15164032328255, 900.08854904138661]",220.3476786305873,-0.0005879912788683538,-20.52380859113848,119.26411709452132
429,197.7224404768861,"[0.19292697923183019, -0.12080192314800522, 899.97296960769495, 900.08092404696583]",220.3476786305873,0.00017123535400655348,4.871260600774862,122.55567848187886
430,198.61360122095158,"[0.39061233504026255, 0.097375770648477106, 899.60150761423017, 900.18743870592084]",220.3476786305873,0.00025049085231914936,2.835844001723154,122.84523287109299
431,194.47256067850648,"[-0.04822932215708764, 0.076853586341842264, 899.94697034976571, 900.24336472600623]",220.3476786305873,4.226150040955602e-06,-12.016069375544664,121.36366502114689
432,195.89192359329076,"[-0.0074661619284580941, -0.088044008117203656, 900.05535335589275, 900.700965253655]",220.3476786305873,2.7129941544358657e-06,-8.443496024582666,122.20158292944222
433,196.16732638440442,"[0.4758640327740411, -0.11805276553938297, 899.75175804681089, 900.19702252898855]",220.3476786305873,-0.0012675911295628164,-7.35110984608552,122.05496091398929
434,188.50992962076023,"[0.48812284942467571, 0.41323622737626597, 900.05395755688949, 900.68429095774036]",220.3476786305873,-0.00012955308317432688,31.544092971510544,113.17982100843774
435,194.797598387283,"[0.046769506435612562, -0.010703546918440776, 899.56265177045123, 900.10787376661824]",220.3476786305873,-6.563070140727934e-05,-10.823958427237994,121.81048946279772
436,190.94424016101763,"[0.09158348884318343, 0.26764335028892849, 900.27802808053343, 899.70297143235405]",220.3476786305873,0.0014236097108104378,21.41724652392497,118.44787044416236
437,195.5771630798551,"[0.38861753896001433, 0.020696011323029406, 900.41699044035738, 899.98578578940317]",220.3476786305873,0.0030989589295328324,9.279823124771031,122.00016183647271
438,186.85766685027974,"[-0.03657292715411159, 0.065498598719239659, 899.82805973221787, 899.84691697617222]",220.3476786305873,-0.00045969184641103894,-46.6861524234464,102.36365676879869
439,192.1246375986426,"[-0.024760726596313315, 0.14694990687111076, 899.69619213122951, 900.37186997204969]",220.3476786305873,0.0002675709356537759,-17.07646696888668,120.43904177234737
440,197.2278988062501,"[0.18801119821784473, 0.40878223050263957, 900.15148389828255, 899.98398401864677]",220.3476786305873,0.001372792294375332,-3.7035985516418104,122.55529824783338
441,195.4378385149646,"[0.079193590329400765, 0.44767816704986774, 900.01585062390939, 899.94449256733424]",220.3476786305873,0.00025357416495770115,-8.734364855624019,122.52606030961391
442,195.57110062094608,"[0.15781926336647767, -0.15259482372650754, 899.71730888519244, 900.16187775504898]",220.3476786305873,0.0006971535772638053,-9.699910541663426,121.73736457504532
443,197.99564533641936,"[-0.19752997451609877, 0.26821304827880349, 899.70098123979358, 899.73051113213921]",220.3476786305873,-0.0009389612377445913,0.9881812155883447,122.91508049485088
444,193.70976653690616,"[0.34500556118353709, 0.22233154443634642, 900.21013989336473, 900.68942634296468]",220.3476786305873,-0.005909323634335675,13.379814801012659,121.26995496736797
445,194.55465312663037,"[-0.09843023526216077, 0.12952393203413887, 900.13486436427104, 899.85741341918811]",220.3476786305873,0.00034294999669564973,11.040285477766822,121.9117933128673
446,191.24454687742576,"[-0.052157590100495102, 0.34202228509557708, 899.59005317033279, 900.10543933285703]",220.3476786305873,0.003549370250403627,20.14201696328199,119.11077093952026
447,196.2663559664576,"[-0.052597666480304894, -0.21487247367198559, 900.19750571223676, 900.14829292187437]",220.3476786305873,-0.0011504278250028179,-7.848824181126126,122.20061599392872
448,187.98771123267133,"[0.17265817772010439, 0.065350132032195571, 899.70868941468927, 899.68257940716933]",220.3476786305873,-0.0012412123648697438,35.58798722132669,110.31127040951809
449,189.72353964817623,"[-0.18775032426137028, 0.15042673872413623, 900.26525106918018, 899.67635810102786]",220.3476786305873,-4.309660950473883e-05,23.986179361308256,118.09756882454407
450,197.03636883870595,"[0.35853051454374696, -0.17200145555485122, 900.33164312710073, 900.38844744140283]",220.3476786305873,0.0013530098434432454,5.452538336653289,122.82065851122806
451,199.1800998917735,"[0.1049140763893219, 0.36560038045321075, 900.13322260438372, 899.93535565508466]",220.3476786305873,0.0016005916011144364,-2.0269734615188955,122.78432154028017
452,199.1435097439325,"[0.0042478970944645443, 0.081754745093006717, 900.08791813275081, 900.01452986985828]",220.3476786305873,-0.001607376403587889,0.739994392201537,122.84310674443766
453,193.9259266657029,"[0.39474286779667589, -0.093456997800319047, 899.59345273665951, 900.18507504757372]",220.3476786305873,-0.0002661803139244218,13.564229756172027,120.89097907285407
454,189.77247592650718,"[-0.12292880185543109, 0.1158789451486299, 899.75133985396758, 900.16583869315696]",220.3476786305873,0.00021106771077822006,-24.40476954371954,117.647888729076
455,194.27833438169475,"[0.11608116977306199, 0.47627486805746932, 899.63286996055535, 900.19432680744728]",220.3476786305873,-5.2528360226342444e-05,-10.95816715453652,122.38115478655551
456,189.14365124217633,"[-0.029412328315925149, -0.040068680274853101, 900.01131448151398, 900.09171933250195]",220.3476786305873,-0.000240247794692506,29.207961025009233,114.30818290858612
457,197.48101538646378,"[0.078884982375054341, 0.26703968022125929, 899.98850860508844, 899.95780557386058]",220.3476786305873,0.000995945550614331,3.237641248024658,122.76224023401713
458,198.28744583332661,"[-0.017232250914359384, -0.086381638653783455, 900.3049257206643, 900.05483972791319]",220.3476786305873,-0.003509940776097832,-3.661377769790464,122.67562796996229
459,197.61330653400083,"[0.47075297155854984, 0.081971938792671978, 900.1670774406, 899.81724853622552]",220.3476786305873,0.0033771430072159474,-4.874307855693775,122.67014265061638
460,189.19213047436637,"[0.12456033928438813, 0.10548319162185388, 899.59597675019245, 900.26905307940433]",220.3476786305873,-0.000621872336269635,27.989022466961305,115.31490484441461
461,194.05709334830587,"[-0.13908938253352432, 0.16894621346204824, 900.20103937904719, 899.8243727675947]",220.3476786305873,-0.0001393247445544397,-13.10301857783707,121.04350889470881
462,189.67021126896358,"[-0.06208965247086784, 0.32464744144179225, 899.85432374699985, 900.03513215541147]",220.3476786305873,-0.0002653627751712178,25.668002266361277,116.59448064682086
463,195.4894727124949,"[-0.14730370536232518, -0.19036470145959136, 899.95916730322597, 899.73381154031267]",220.3476786305873,-0.00027047232668009124,-9.802472528305602,121.75076129083394
464,197.2330545122939,"[-0.12938786606778691, 0.085150043066323067, 900.61467368608112, 899.93524977794834]",220.3476786305873,-0.0010760464590146266,5.563594371299873,122.59078915078548
465,197.0430887984281,"[0.37821263229084806, 0.33999261839424844, 900.27472040932241, 900.02666730147905]",220.3476786305873,0.0012528307165762642,6.168834432830951,122.45189025758424
466,191.557473204995,"[0.14820536304177498, -0.011107148162337904, 900.25572940439054, 900.28395050152869]",220.3476786305873,0.00141360788012656,19.428445844564113,119.30153349179191
467,189.4988286881903,"[0.057512105817866227, 0.15986068953903299, 900.07359205250589, 900.14482316019678]",220.3476786305873,-0.004646224392412022,27.32993910490811,115.43064614723379
468,197.5578974411759,"[-0.063988802677774709, 0.17652948100214841, 900.28545244132749, 900.21076250972874]",220.3476786305873,-0.0003592782930863453,-3.553376230199066,122.61327541027323
469,195.52508582567881,"[-0.0022376884660004412, 0.36205441273077954, 900.39484373745552, 899.95300599315374]",220.3476786305873,0.0007889259175089449,-9.006447302702313,122.23629055586365
470,187.9792136259413,"[0.17812754634952255, -0.084132510463371987, 899.74480827221169, 900.05111715533064]",220.3476786305873,-6.550315533377448e-06,-36.30917421927283,109.75733574720053
471,193.1203419283942,"[0.14005297836823818, -0.23524804707548286, 899.60493522717411, 900.19160928951021]",220.3476786305873,0.0006314374507287995,-15.293299814794583,120.59772956234674
472,191.3615020362883,"[-0.096102313351137073, 0.14031934978769825, 899.91296925506458, 899.67470970286547]",220.3476786305873,-0.0009860959441086714,19.81276507747461,119.22380162825678
473,198.32605336561667,"[-0.37837733954240099, 0.50332446629864913, 900.15274929431735, 900.0064129900768]",220.3476786305873,-0.0009741538393389204,-0.07652359862257743,122.83007595857883
474,193.7818616934989,"[0.24341044384059352, 0.044373022964132369, 900.20938152888175, 900.09761375857738]",220.3476786305873,0.0015785895551055206,13.654287268167316,120.80517289855305
475,196.3066649096298,"[0.14717919944644678, 0.13913321730097378, 900.29880033650136, 900.36784040221175]",220.3476786305873,-2.43552672280561e-05,-7.641118755351617,122.29528159973528
476,189.30910220541662,"[-0.41766769060805087, 0.025930042271889421, 900.02279253937797, 899.62007111343996]",220.3476786305873,0.002143249679198847,27.052024866414467,116.00611085435939
477,198.342173767646,"[-0.25097455115367234, -0.040625202930129417, 900.90461475134884, 899.91138744662749]",220.3476786305873,-0.001146243560119911,-3.348459438042219,122.79793331472055
478,193.0472090282367,"[0.32905839237131063, 0.054388531037045038, 899.56238253680112, 900.10517943986861]",220.3476786305873,0.00020048573327409843,-15.4408293373691,120.56448857688487
479,191.4374307197473,"[0.32588616928317982, 0.18849718143033409, 900.30643134366073, 900.05679567788695]",220.3476786305873,0.0038047863896806685,20.220817258151357,118.79296298233442
480,195.30111879626895,"[-0.38303881236915505, -0.32237397433619253, 899.66563932699592, 899.85995421412986]",220.3476786305873,-0.0041990399837464895,-9.011350189623666,122.48750480723805
481,197.68741903361482,"[-0.081383527924115989, 0.10293496859216064, 899.83645936052505, 899.70233533409407]",220.3476786305873,0.0003966819829609634,-4.966262574605964,122.54442501727668
482,187.8800806859874,"[0.13172772096075935, -0.47416717458512581, 899.43530933232751, 899.6799726646417]",220.3476786305873,0.0038133323725820156,-37.88838889207938,108.48843625570841
483,191.85744404119941,"[0.056568372879918172, -0.18493308151935567, 900.10633174701297, 899.78725758847486]",220.3476786305873,0.0015504270941557583,-20.857086197236477,117.61832031531185
484,197.23187086447393,"[0.17984670965941407, 0.26203205852815781, 899.63198717416992, 899.98497763627267]",220.3476786305873,-0.002708450998052106,-5.993631920858461,122.33679478441132
485,194.37670824911578,"[-0.58450995720610122, 0.07310691088575727, 900.2393845456653, 899.84153927511124]",220.3476786305873,-0.0014411855008109548,-12.501636296667737,121.11836197643257
486,191.7907513682126,"[0.03635546312607163, 0.18422289889600121, 900.04721571577693, 899.99505645481668]",220.3476786305873,-0.00019248128954039675,18.507588076822625,119.7040286685503
487,196.27964434555008,"[9.1717230450760745e-05, 0.32089235056623888, 899.83058327130198, 900.24104327566556]",220.3476786305873,-0.0003836483791658311,-7.969397196896604,122.13439829062143
488,189.50654148754649,"[0.30411511842225603, 0.01862349249741202, 900.06780977720791, 900.37330093373328]",220.3476786305873,-0.0010194151234656445,-29.994449341104847,113.04884620895946
489,193.0656880187934,"[-0.12744921538664805, -0.097057537164601526, 900.11082493905087, 900.21865857416424]",220.3476786305873,-1.7697325334876843e-05,-16.270103279178574,119.82673860551559
490,195.22811802242546,"[-0.014681053061733257, -0.0030827209238449838, 899.99222581221113, 900.11652900463787]",220.3476786305873,-0.00016853957418583592,-10.038762953320074,121.85811618332549
491,191.53767852752034,"[0.47853187868767599, 0.26774350092204385, 900.28156431166065, 899.74477347410948]",220.3476786305873,-0.002593122802516578,19.57417938867403,119.32595484398122
492,197.87729256019404,"[-0.055236657356144504, -0.16397637095501255, 899.92679957408075, 900.10836477694329]",220.3476786305873,0.004065049764637977,3.1415038529124795,122.76673322311545
493,194.55645788663742,"[0.030359631959555627, 0.240049355168306, 899.96041443709623, 899.88173043361962]",220.3476786305873,-0.0010639836939878744,-12.100215648182882,121.17475234535735
494,189.15593094219437,"[0.42525465061365131, -0.0065417929635674249, 900.11786032623206, 899.96373366357102]",220.3476786305873,0.0010129997171716603,-28.35664679433191,115.08683258086724
495,198.06476405047457,"[0.24795248236996215, 0.045813607416829327, 900.02325683740753, 900.18083894180313]",220.3476786305873,-0.0017160996110066652,-3.0485016471994912,123.05397558203741
496,196.78471025235783,"[0.072725662402527591, 0.0088158958062642401, 899.9758080258905, 900.02350451675409]",220.3476786305873,0.0004742989711557399,-6.29012065553418,122.245934648081
497,195.0472439066529,"[0.1649048668619289, 0.23982354482740656, 900.10698536953373, 900.25499028859133]",220.3476786305873,0.000397565377141815,9.876033196862279,122.2104149468075
498,197.80948289042962,"[0.11897243607645727, -0.007147008810240052, 900.19445861319718, 899.91841189091497]",220.3476786305873,-0.003155557755125027,-4.1654626027757775,122.84674627564894
499,193.41816170686073,"[0.20011219888859147, 0.041079742569556543, 900.21505943027387, 900.16068569032984]",220.3476786305873,-0.0002944981819599442,13.88677782649228,121.22884146507171
500,193.99920096417907,"[0.026565045294702952, 0.29756337871534616, 899.9835033796777, 900.08404760373139]",220.3476786305873,0.0005857220135396397,-12.68144392871322,121.47698798662014
